100000 8 49 0 7
200000 17 49 0 7
300000 22 49 0 6
400000 13 49 0 6
500000 8 49 0 6
600000 13 49 0 6
700000 13 49 1 6
800000 17 49 0 6
900000 14 49 0 6
1000000 8 49 -1 6
1100000 9 49 0 6
1200000 14 49 0 6
1300000 12 49 0 6
1400000 5 49 0 3
1500000 12 49 0 3
1600000 11 49 0 3
1700000 5 49 0 3
1800000 14 49 0 3
1900000 10 49 0 3
2000000 6 49 0 3
2100000 16 49 0 3
2200000 13 49 0 3
2300000 16 49 0 3
2400000 17 49 0 3
2500000 6 49 0 3
2600000 8 49 1 3
2700000 14 49 0 3
2800000 11 49 0 3
2900000 10 49 0 3
3000000 7 49 0 3
3100000 9 49 0 3
3200000 4 49 0 3
3300000 10 49 0 3
3400000 9 49 0 3
3500000 9 49 0 3
3600000 14 49 1 3
3700000 15 49 0 3
3800000 10 49 0 3
3900000 15 49 0 3
4000000 17 49 1 3
4100000 12 49 0 3
4200000 9 49 0 3
4300000 10 49 0 3
4400000 14 49 0 3
4500000 12 49 0 3
4600000 11 49 0 3
4700000 12 49 1 3
4800000 7 49 0 3
4900000 7 49 0 2
5000000 7 49 0 2
5100000 4 49 0 2
5200000 9 49 0 2
5300000 9 49 0 2
5400000 12 49 -1 2
5500000 7 49 0 2
5600000 16 49 0 2
5700000 5 49 0 2
5800000 3 49 0 1
5900000 10 49 0 1
6000000 9 49 0 1
6100000 6 49 0 1
6200000 9 49 1 1
6300000 7 49 0 1
6400000 10 49 0 1
6500000 11 49 0 1
6600000 10 49 0 1
6700000 20 49 0 1
6800000 8 49 0 1
6900000 16 49 0 1
7000000 14 49 0 1
7100000 9 49 0 1
7200000 13 49 0 1
7300000 10 49 0 1
7400000 8 49 0 1
7500000 9 49 1 1
7600000 11 49 0 1
7700000 14 49 0 1
7800000 13 49 0 1
7900000 8 49 0 1
8000000 12 49 0 1
8100000 16 49 0 1
8200000 14 49 0 1
8300000 11 49 0 1
8400000 23 49 0 1
8500000 11 49 0 1
8600000 9 49 0 1
8700000 10 49 0 1
8800000 12 49 0 1
8900000 7 49 0 1
9000000 10 49 0 1
9100000 9 49 0 1
9200000 13 49 1 1
9300000 14 49 0 1
9400000 5 49 -1 1
9500000 5 49 1 1
9600000 5 49 0 1
9700000 9 49 0 1
9800000 18 49 0 1
9900000 10 49 0 1
10000000 10 49 -1 1
10100000 10 49 0 1
10200000 13 49 0 1
10300000 21 49 0 1
10400000 10 49 0 1
10500000 9 49 -1 1
10600000 15 49 0 1
10700000 14 49 0 1
10800000 8 49 0 1
10900000 9 49 0 1
11000000 14 49 0 1
11100000 9 49 0 1
11200000 10 49 0 1
11300000 11 49 0 1
11400000 20 49 -1 1
11500000 12 49 0 1
11600000 13 49 0 1
11700000 11 49 0 1
11800000 6 49 0 1
11900000 14 49 0 1
12000000 8 49 1 1
12100000 12 49 0 1
12200000 19 49 0 1
12300000 15 49 0 1
12400000 12 49 0 1
12500000 11 49 0 1
12600000 5 49 0 1
12700000 13 49 0 1
12800000 11 49 0 1
12900000 21 49 0 1
13000000 16 49 0 1
13100000 12 49 -1 1
13200000 9 49 0 1
13300000 7 49 0 1
13400000 9 49 0 1
13500000 20 49 0 1
13600000 10 49 0 1
13700000 8 49 0 1
13800000 13 49 0 1
13900000 18 49 0 1
14000000 18 49 0 1
14100000 21 49 0 1
14200000 12 49 0 1
14300000 22 49 0 1
14400000 12 49 0 1
14500000 10 49 0 1
14600000 8 49 0 1
14700000 8 49 0 1
14800000 11 49 0 1
14900000 8 49 0 1
15000000 10 49 0 1
15100000 11 49 0 1
15200000 9 49 0 1
15300000 15 49 0 1
15400000 14 49 0 1
15500000 5 49 0 1
15600000 12 49 0 1
15700000 9 49 0 1
15800000 12 49 0 1
15900000 13 49 0 1
16000000 12 49 0 1
16100000 10 49 0 1
16200000 11 49 0 1
16300000 9 49 0 1
16400000 11 49 0 1
16500000 13 49 1 1
16600000 8 49 0 1
16700000 18 49 0 1
16800000 10 49 0 1
16900000 12 49 0 1
17000000 10 49 0 1
17100000 11 49 0 1
17200000 10 49 0 1
17300000 11 49 1 1
17400000 14 49 0 1
17500000 10 49 0 1
17600000 6 49 0 1
17700000 6 49 0 1
17800000 10 49 0 1
17900000 9 49 0 1
18000000 12 49 0 1
18100000 12 49 0 1
18200000 10 49 0 1
18300000 8 49 0 1
18400000 9 49 0 1
18500000 7 49 0 1
18600000 9 49 0 1
18700000 11 49 -1 1
18800000 6 49 0 1
18900000 6 49 0 1
19000000 12 49 0 1
19100000 13 49 0 1
19200000 12 49 0 1
19300000 7 49 0 1
19400000 13 49 0 1
19500000 13 49 -1 1
19600000 7 49 0 1
19700000 12 49 0 1
19800000 20 49 0 1
19900000 15 49 0 1
20000000 16 49 1 1
20100000 13 49 0 1
20200000 19 49 0 1
20300000 11 49 0 1
20400000 7 49 0 1
20500000 14 49 0 1
20600000 9 49 0 1
20700000 15 49 0 1
20800000 11 49 0 1
20900000 11 49 0 1
21000000 10 49 0 1
21100000 11 49 0 1
21200000 11 49 0 1
21300000 10 49 0 1
21400000 11 49 0 1
21500000 16 49 0 1
21600000 10 49 0 1
21700000 9 49 -1 1
21800000 7 49 0 1
21900000 10 49 0 1
22000000 16 49 0 1
22100000 15 49 0 1
22200000 15 49 0 1
22300000 6 49 0 1
22400000 8 49 0 1
22500000 9 49 0 1
22600000 16 49 0 1
22700000 13 49 0 1
22800000 12 49 1 1
22900000 12 49 0 1
23000000 8 49 0 1
23100000 10 49 0 1
23200000 19 49 0 1
23300000 12 49 0 1
23400000 13 49 0 1
23500000 16 49 0 1
23600000 9 49 -1 1
23700000 17 49 0 1
23800000 20 49 -1 1
23900000 11 49 0 1
24000000 10 49 0 1
24100000 13 49 0 1
24200000 9 49 0 1
24300000 8 49 0 1
24400000 11 49 0 1
24500000 15 49 0 1
24600000 7 49 0 1
24700000 15 49 1 1
24800000 5 49 -1 1
24900000 8 49 0 1
25000000 8 49 -1 1
25100000 6 49 0 1
25200000 16 49 0 1
25300000 8 49 0 1
25400000 7 49 0 1
25500000 12 49 0 1
25600000 12 49 0 1
25700000 13 49 0 1
25800000 13 49 0 1
25900000 6 49 0 1
26000000 8 49 0 1
26100000 11 49 0 1
26200000 10 49 0 1
26300000 8 49 0 1
26400000 13 49 0 1
26500000 14 49 0 1
26600000 18 49 0 1
26700000 17 49 0 1
26800000 11 49 0 1
26900000 15 49 0 1
27000000 10 49 0 1
27100000 7 49 -1 1
27200000 11 49 0 1
27300000 9 49 0 1
27400000 11 49 0 1
27500000 10 49 0 1
27600000 10 49 0 1
27700000 8 49 0 1
27800000 8 49 -1 1
27900000 11 49 0 1
28000000 11 49 0 1
28100000 12 49 0 1
28200000 10 49 0 1
28300000 16 49 0 1
28400000 7 49 0 1
28500000 5 49 0 1
28600000 16 49 0 1
28700000 10 49 0 1
28800000 12 49 1 1
28900000 10 49 0 1
29000000 9 49 0 1
29100000 6 49 0 1
29200000 11 49 0 1
29300000 18 49 0 1
29400000 14 49 0 1
29500000 12 49 0 1
29600000 5 49 0 1
29700000 15 49 0 1
29800000 8 49 0 1
29900000 8 49 0 1
30000000 18 49 0 1
30100000 10 49 0 1
30200000 8 49 0 1
30300000 13 49 0 1
30400000 8 49 0 1
30500000 6 49 0 1
30600000 10 49 -1 1
30700000 10 49 0 1
30800000 9 49 0 1
30900000 16 49 0 1
31000000 9 49 0 1
31100000 8 49 0 1
31200000 8 49 1 1
31300000 11 49 0 1
31400000 12 49 0 1
31500000 19 49 0 1
31600000 11 49 0 1
31700000 14 49 -1 1
31800000 13 49 0 1
31900000 8 49 1 1
32000000 10 49 0 1
32100000 16 49 0 1
32200000 7 49 0 1
32300000 11 49 0 1
32400000 11 49 0 1
32500000 10 49 0 1
32600000 14 49 -1 1
32700000 13 49 0 1
32800000 11 49 0 1
32900000 13 49 0 1
33000000 13 49 0 1
33100000 6 49 0 1
33200000 9 49 0 1
33300000 8 49 0 1
33400000 10 49 0 1
33500000 14 49 0 1
33600000 10 49 0 1
33700000 12 49 0 1
33800000 11 49 0 1
33900000 14 49 -1 1
34000000 9 49 0 1
34100000 10 49 0 1
34200000 11 49 0 1
34300000 13 49 0 1
34400000 15 49 0 1
34500000 17 49 0 1
34600000 15 49 0 1
34700000 6 49 0 1
34800000 8 49 0 1
34900000 8 49 0 1
35000000 4 49 0 1
35100000 6 49 0 1
35200000 15 49 0 1
35300000 8 49 0 1
35400000 18 49 0 1
35500000 19 49 0 1
35600000 12 49 0 1
35700000 18 49 0 1
35800000 18 49 0 1
35900000 14 49 0 1
36000000 17 49 -1 1
36100000 16 49 0 1
36200000 9 49 0 1
36300000 14 49 0 1
36400000 15 49 0 1
36500000 7 49 0 1
36600000 6 49 -1 1
36700000 10 49 0 1
36800000 13 49 0 1
36900000 9 49 0 1
37000000 7 49 0 1
37100000 12 49 -1 1
37200000 11 49 0 1
37300000 7 49 0 1
37400000 11 49 0 1
37500000 9 49 0 1
37600000 13 49 0 1
37700000 7 49 0 1
37800000 13 49 0 1
37900000 15 49 0 1
38000000 9 49 -1 1
38100000 9 49 0 1
38200000 15 49 0 1
38300000 11 49 0 1
38400000 6 49 0 1
38500000 10 49 0 1
38600000 9 49 0 1
38700000 11 49 0 1
38800000 18 49 1 1
38900000 13 49 0 1
39000000 10 49 0 1
39100000 15 49 0 1
39200000 12 49 0 1
39300000 16 49 0 1
39400000 14 49 0 1
39500000 9 49 0 1
39600000 11 49 0 1
39700000 15 49 -1 1
39800000 13 49 0 1
39900000 11 49 0 1
40000000 12 49 0 1
40100000 6 49 0 1
40200000 15 49 -1 1
40300000 6 49 0 1
40400000 6 49 0 1
40500000 13 49 0 1
40600000 10 49 0 1
40700000 15 49 1 1
40800000 15 49 0 1
40900000 12 49 0 1
41000000 9 49 0 1
41100000 13 49 0 1
41200000 11 49 0 1
41300000 12 49 0 1
41400000 9 49 -1 1
41500000 16 49 0 1
41600000 20 49 0 1
41700000 19 49 0 1
41800000 15 49 0 1
41900000 11 49 0 1
42000000 10 49 0 1
42100000 19 49 0 1
42200000 26 49 0 1
42300000 11 49 0 1
42400000 13 49 0 1
42500000 15 49 0 1
42600000 17 49 1 1
42700000 20 49 0 1
42800000 17 49 -1 1
42900000 12 49 0 1
43000000 10 49 0 1
43100000 27 49 0 1
43200000 13 49 0 1
43300000 9 49 -1 1
43400000 10 49 0 1
43500000 13 49 0 1
43600000 12 49 0 1
43700000 13 49 1 1
43800000 9 49 0 1
43900000 17 49 0 1
44000000 12 49 0 1
44100000 5 49 0 1
44200000 4 49 0 1
44300000 15 49 0 1
44400000 16 49 0 1
44500000 10 49 0 1
44600000 10 49 0 1
44700000 8 49 0 1
44800000 9 49 0 1
44900000 11 49 0 1
45000000 8 49 0 1
45100000 8 49 0 1
45200000 10 49 0 1
45300000 9 49 0 1
45400000 9 49 0 1
45500000 7 49 0 1
45600000 10 49 0 1
45700000 6 49 0 1
45800000 5 49 0 1
45900000 10 49 0 1
46000000 9 49 0 1
46100000 11 49 0 1
46200000 10 49 0 1
46300000 7 49 0 1
46400000 7 49 0 1
46500000 9 49 0 1
46600000 18 49 0 1
46700000 16 49 1 1
46800000 22 49 0 1
46900000 11 49 -1 1
47000000 18 49 0 1
47100000 15 49 0 1
47200000 10 49 0 1
47300000 12 49 0 1
47400000 10 49 0 1
47500000 10 49 0 1
47600000 9 49 0 1
47700000 8 49 -1 1
47800000 15 49 0 1
47900000 15 49 0 1
48000000 11 49 0 1
48100000 17 49 0 1
48200000 11 49 0 1
48300000 15 49 0 1
48400000 8 49 0 1
48500000 15 49 0 1
48600000 12 49 0 1
48700000 8 49 0 1
48800000 6 49 0 1
48900000 12 49 0 1
49000000 8 49 0 1
49100000 5 49 0 1
49200000 14 49 0 1
49300000 12 49 0 1
49400000 16 49 0 1
49500000 16 49 0 1
49600000 12 49 0 1
49700000 15 49 0 1
49800000 17 49 0 1
49900000 13 49 0 1
50000000 12 49 0 1
50100000 12 49 0 1
50200000 9 49 1 1
50300000 13 49 0 1
50400000 17 49 0 1
50500000 7 49 0 1
50600000 11 49 0 1
50700000 16 49 0 1
50800000 9 49 0 1
50900000 8 49 0 1
51000000 11 49 0 1
51100000 12 49 0 1
51200000 10 49 0 1
51300000 10 49 0 1
51400000 15 49 0 1
51500000 11 49 0 1
51600000 13 49 1 1
51700000 11 49 1 1
51800000 15 49 0 1
51900000 9 49 -1 1
52000000 11 49 0 1
52100000 18 49 0 1
52200000 16 49 -1 1
52300000 16 49 0 1
52400000 16 49 0 1
52500000 17 49 0 1
52600000 10 49 0 1
52700000 10 49 0 1
52800000 6 49 -1 1
52900000 7 49 0 1
53000000 9 49 0 1
53100000 12 49 0 1
53200000 12 49 0 1
53300000 12 49 0 1
53400000 9 49 0 1
53500000 6 49 0 1
53600000 7 49 0 1
53700000 11 49 0 1
53800000 13 49 0 1
53900000 15 49 0 1
54000000 12 49 0 1
54100000 10 49 0 1
54200000 10 49 0 1
54300000 13 49 0 1
54400000 12 49 0 1
54500000 12 49 0 1
54600000 14 49 0 1
54700000 11 49 0 1
54800000 9 49 0 1
54900000 8 49 0 1
55000000 10 49 0 1
55100000 9 49 0 1
55200000 9 49 0 1
55300000 8 49 0 1
55400000 10 49 -1 1
55500000 14 49 0 1
55600000 14 49 0 1
55700000 11 49 0 1
55800000 15 49 0 1
55900000 13 49 0 1
56000000 10 49 -1 1
56100000 7 49 0 1
56200000 12 49 0 1
56300000 14 49 0 1
56400000 18 49 0 1
56500000 9 49 -1 1
56600000 16 49 0 1
56700000 17 49 0 1
56800000 6 49 0 1
56900000 15 49 0 1
57000000 13 49 0 1
57100000 13 49 0 1
57200000 14 49 0 1
57300000 12 49 0 1
57400000 11 49 -1 1
57500000 13 49 0 1
57600000 10 49 0 1
57700000 7 49 0 1
57800000 8 49 0 1
57900000 8 49 0 1
58000000 12 49 0 1
58100000 17 49 1 1
58200000 7 49 0 1
58300000 8 49 0 1
58400000 15 49 0 1
58500000 10 49 0 1
58600000 6 49 0 1
58700000 14 49 0 1
58800000 3 49 0 1
58900000 12 49 0 1
59000000 10 49 0 1
59100000 10 49 0 1
59200000 13 49 0 1
59300000 9 49 0 1
59400000 13 49 0 1
59500000 8 49 -1 1
59600000 14 49 0 1
59700000 12 49 0 1
59800000 14 49 0 1
59900000 9 49 0 1
60000000 18 49 0 1
60100000 10 49 0 1
60200000 14 49 0 1
60300000 12 49 0 1
60400000 15 49 0 1
60500000 16 49 0 1
60600000 14 49 1 1
60700000 17 49 0 1
60800000 11 49 0 1
60900000 17 49 0 1
61000000 14 49 0 1
61100000 19 49 0 1
61200000 13 49 0 1
61300000 8 49 0 1
61400000 7 49 0 1
61500000 11 49 0 1
61600000 8 49 0 1
61700000 12 49 0 1
61800000 12 49 0 1
61900000 10 49 0 1
62000000 12 49 0 1
62100000 6 49 0 1
62200000 7 49 0 1
62300000 14 49 0 1
62400000 16 49 0 1
62500000 8 49 0 1
62600000 18 49 0 1
62700000 17 49 0 1
62800000 12 49 0 1
62900000 18 49 0 1
63000000 7 49 0 1
63100000 5 49 0 1
63200000 12 49 0 1
63300000 8 49 0 1
63400000 9 49 -1 1
63500000 6 49 0 1
63600000 11 49 0 1
63700000 10 49 0 1
63800000 10 49 0 1
63900000 10 49 0 1
64000000 7 49 -1 1
64100000 10 49 0 1
64200000 15 49 0 1
64300000 14 49 0 1
64400000 6 49 -1 1
64500000 9 49 0 1
64600000 8 49 0 1
64700000 10 49 0 1
64800000 10 49 0 1
64900000 15 49 0 1
65000000 10 49 0 1
65100000 9 49 0 1
65200000 7 49 0 1
65300000 18 49 0 1
65400000 15 49 0 1
65500000 18 49 0 1
65600000 19 49 0 1
65700000 4 49 0 1
65800000 15 49 0 1
65900000 11 49 0 1
66000000 13 49 0 1
66100000 16 49 0 1
66200000 8 49 0 1
66300000 16 49 0 1
66400000 12 49 0 1
66500000 10 49 0 1
66600000 10 49 -1 1
66700000 5 49 0 1
66800000 12 49 0 1
66900000 18 49 0 1
67000000 17 49 0 1
67100000 14 49 -1 1
67200000 9 49 0 1
67300000 16 49 0 1
67400000 21 49 1 1
67500000 14 49 1 1
67600000 16 49 1 1
67700000 12 49 0 1
67800000 11 49 0 1
67900000 11 49 0 1
68000000 9 49 0 1
68100000 19 49 0 1
68200000 9 49 0 1
68300000 19 49 0 1
68400000 17 49 0 1
68500000 13 49 0 1
68600000 15 49 0 1
68700000 17 49 0 1
68800000 15 49 0 1
68900000 9 49 0 1
69000000 11 49 0 1
69100000 7 49 0 1
69200000 16 49 1 1
69300000 13 49 0 1
69400000 11 49 0 1
69500000 11 49 0 1
69600000 16 49 0 1
69700000 9 49 0 1
69800000 5 49 0 1
69900000 8 49 0 1
70000000 10 49 1 1
70100000 6 49 0 1
70200000 7 49 0 1
70300000 9 49 0 1
70400000 8 49 0 1
70500000 10 49 0 1
70600000 8 49 0 1
70700000 14 49 0 1
70800000 11 49 0 1
70900000 14 49 0 1
71000000 10 49 0 1
71100000 14 49 0 1
71200000 18 49 0 1
71300000 14 49 0 1
71400000 12 49 0 1
71500000 5 49 -1 1
71600000 14 49 0 1
71700000 14 49 0 1
71800000 11 49 0 1
71900000 16 49 1 1
72000000 18 49 0 1
72100000 11 49 0 1
72200000 22 49 0 1
72300000 11 49 0 1
72400000 7 49 0 1
72500000 7 49 0 1
72600000 17 49 0 1
72700000 17 49 0 1
72800000 17 49 0 1
72900000 11 49 0 1
73000000 5 49 0 1
73100000 11 49 0 1
73200000 9 49 0 1
73300000 14 49 0 1
73400000 13 49 0 1
73500000 11 49 0 1
73600000 10 49 0 1
73700000 6 49 0 1
73800000 11 49 0 1
73900000 8 49 0 1
74000000 8 49 1 1
74100000 7 49 0 1
74200000 7 49 0 1
74300000 14 49 0 1
74400000 13 49 0 1
74500000 10 49 0 1
74600000 11 49 0 1
74700000 13 49 0 1
74800000 15 49 0 1
74900000 11 49 0 1
75000000 6 49 0 1
75100000 6 49 -1 1
75200000 9 49 0 1
75300000 9 49 0 1
75400000 10 49 0 1
75500000 11 49 0 1
75600000 8 49 0 1
75700000 11 49 0 1
75800000 8 49 0 1
75900000 8 49 0 1
76000000 14 49 0 1
76100000 18 49 0 1
76200000 13 49 0 1
76300000 12 49 0 1
76400000 7 49 0 1
76500000 9 49 0 1
76600000 12 49 0 1
76700000 10 49 0 1
76800000 16 49 0 1
76900000 5 49 -1 1
77000000 11 49 0 1
77100000 10 49 0 1
77200000 16 49 0 1
77300000 11 49 0 1
77400000 10 49 0 1
77500000 13 49 0 1
77600000 12 49 1 1
77700000 20 49 0 1
77800000 12 49 0 1
77900000 16 49 0 1
78000000 10 49 0 1
78100000 9 49 0 1
78200000 9 49 0 1
78300000 10 49 0 1
78400000 10 49 0 1
78500000 14 49 0 1
78600000 10 49 0 1
78700000 5 49 0 1
78800000 7 49 0 1
78900000 6 49 0 1
79000000 12 49 0 1
79100000 18 49 0 1
79200000 17 49 0 1
79300000 10 49 0 1
79400000 9 49 0 1
79500000 7 49 0 1
79600000 6 49 1 1
79700000 8 49 0 1
79800000 10 49 0 1
79900000 17 49 0 1
80000000 11 49 -1 1
80100000 14 49 0 1
80200000 13 49 0 1
80300000 13 49 0 1
80400000 14 49 0 1
80500000 10 49 0 1
80600000 7 49 0 1
80700000 8 49 0 1
80800000 7 49 0 1
80900000 10 49 0 1
81000000 8 49 0 1
81100000 10 49 0 1
81200000 11 49 0 1
81300000 12 49 0 1
81400000 12 49 0 1
81500000 14 49 0 1
81600000 17 49 -1 1
81700000 13 49 0 1
81800000 15 49 0 1
81900000 15 49 0 1
82000000 8 49 0 1
82100000 9 49 -1 1
82200000 7 49 1 1
82300000 17 49 0 1
82400000 11 49 0 1
82500000 14 49 0 1
82600000 11 49 1 1
82700000 10 49 0 1
82800000 17 49 0 1
82900000 13 49 0 1
83000000 17 49 0 1
83100000 11 49 0 1
83200000 8 49 0 1
83300000 10 49 -1 1
83400000 10 49 0 1
83500000 12 49 0 1
83600000 13 49 1 1
83700000 9 49 0 1
83800000 11 49 0 1
83900000 7 49 0 1
84000000 14 49 0 1
84100000 11 49 -1 1
84200000 9 49 0 1
84300000 8 49 1 1
84400000 7 49 0 1
84500000 19 49 0 1
84600000 11 49 -1 1
84700000 20 49 0 1
84800000 6 49 -1 1
84900000 5 49 0 1
85000000 14 49 0 1
85100000 22 49 0 1
85200000 15 49 0 1
85300000 16 49 0 1
85400000 9 49 0 1
85500000 19 49 0 1
85600000 19 49 0 1
85700000 15 49 1 1
85800000 14 49 0 1
85900000 17 49 0 1
86000000 17 49 0 1
86100000 15 49 0 1
86200000 11 49 -1 1
86300000 10 49 0 1
86400000 12 49 0 1
86500000 15 49 0 1
86600000 16 49 0 1
86700000 12 49 0 1
86800000 15 49 0 1
86900000 12 49 1 1
87000000 10 49 0 1
87100000 13 49 0 1
87200000 11 49 1 1
87300000 7 49 0 1
87400000 11 49 0 1
87500000 16 49 0 1
87600000 16 49 0 1
87700000 10 49 0 1
87800000 19 49 0 1
87900000 19 49 0 1
88000000 19 49 0 1
88100000 6 49 0 1
88200000 6 49 0 1
88300000 7 49 0 1
88400000 7 49 0 1
88500000 12 49 0 1
88600000 7 49 0 1
88700000 10 49 0 1
88800000 10 49 0 1
88900000 11 49 0 1
89000000 12 49 0 1
89100000 6 49 0 1
89200000 7 49 0 1
89300000 6 49 0 1
89400000 7 49 0 1
89500000 15 49 0 1
89600000 16 49 -1 1
89700000 5 49 0 1
89800000 11 49 0 1
89900000 13 49 0 1
90000000 9 49 0 1
90100000 9 49 0 1
90200000 14 49 0 1
90300000 7 49 0 1
90400000 8 49 0 1
90500000 6 49 0 1
90600000 5 49 -1 1
10
41
17
38
37
29
24
18
41
38
16
2
37
33
17
22
16
33
4
1
23
44
47
2
14
18
12
26
22
47
34
28
31
9
36
12
32
27
6
37
40
32
15
40
20
39
29
47
23
12
19
19
27
26
33
36
7
35
44
10
40
42
41
18
20
0
27
19
12
45
4
43
39
8
20
19
40
30
7
15
6
16
18
6
23
18
30
37
25
4
31
40
1
26
41
26
29
48
32
6
30
35
45
13
27
0
30
0
4
42
35
2
10
41
25
28
42
15
11
18
47
42
15
40
11
38
4
42
3
7
13
4
13
13
30
11
12
14
46
10
22
40
7
27
31
1
21
8
43
5
46
0
20
8
1
39
9
38
28
48
26
16
2
9
6
17
24
35
10
35
27
41
37
29
24
36
3
46
11
12
3
46
46
27
29
7
41
17
33
31
29
47
44
36
6
43
18
43
8
37
25
45
3
4
40
9
17
0
7
32
26
6
24
48
36
4
42
18
23
24
41
21
1
39
29
40
6
15
31
34
21
20
9
44
21
45
32
34
20
45
22
26
13
26
47
12
16
16
13
38
8
48
20
36
29
14
30
24
0
17
10
37
23
22
7
29
27
6
19
16
41
31
3
0
15
21
26
29
44
38
21
6
2
21
30
8
34
24
20
38
17
4
30
41
31
33
11
1
3
43
20
31
25
43
44
34
24
8
42
7
8
3
7
1
28
48
34
3
44
3
21
14
30
27
5
35
43
43
42
46
18
24
18
33
43
34
22
25
1
28
46
9
35
10
12
45
22
0
14
45
16
14
22
7
19
46
0
2
8
13
14
4
25
32
28
34
37
26
0
35
19
20
47
44
15
9
48
5
45
28
44
14
25
38
27
0
19
1
24
21
9
25
24
43
40
0
6
21
47
5
43
7
40
36
44
11
48
12
14
35
21
45
11
33
5
17
1
48
42
14
47
23
43
3
14
31
3
37
13
30
37
40
10
30
5
47
26
36
19
35
36
33
13
47
15
32
18
23
4
43
13
31
16
2
16
5
2
33
5
41
44
45
32
39
38
2
35
29
46
37
38
26
5
22
16
24
31
23
19
15
25
31
39
29
24
48
34
42
12
31
46
22
5
4
17
38
33
19
45
6
成功,迭代次数90670321  迭代时间(s)474迭代频率191288
