1
2
3
4
5
6
7
8
9
10
11
12
13
14
15
16
17
18
2
3
4
5
6
7
8
9
10
11
12
13
14
15
16
17
18
1
3
4
13
6
7
8
9
10
11
12
5
14
15
16
17
18
1
2
4
5
6
7
8
9
10
11
12
13
14
15
16
17
18
1
2
3
14
6
7
8
9
10
11
12
13
5
15
16
17
18
1
2
3
4
6
7
8
9
10
11
12
2
14
15
16
17
18
1
13
3
4
5
7
8
9
10
11
12
13
14
15
16
17
18
1
2
3
4
5
6
8
9
10
11
12
13
14
15
16
17
18
1
2
3
4
5
6
7
9
10
16
12
13
14
15
6
17
18
1
2
3
4
5
11
7
8
10
11
12
13
14
15
16
17
18
1
6
3
4
5
2
7
8
9
13
12
11
14
15
16
17
18
1
2
3
4
5
6
7
8
9
10
12
13
14
15
16
17
18
1
2
3
4
5
6
7
8
9
10
11
5
14
15
16
17
18
1
13
3
4
2
6
7
8
9
10
11
12
11
15
5
17
18
1
2
3
4
14
13
7
8
9
10
6
12
16
15
16
17
18
1
2
3
4
5
6
7
8
9
10
11
12
13
14
16
17
18
1
2
3
4
5
6
7
8
9
10
11
12
13
14
15
17
18
1
2
3
4
5
16
7
8
9
10
11
12
6
14
15
13
18
1
2
3
4
5
6
7
8
9
10
11
12
13
14
15
16
17
成功, 迭代次数: 15516 | 迭代时间(s): 0.025659 | 迭代频率: 604700
