100000 21 30 0 21
200000 21 30 0 21
300000 21 30 0 21
400000 21 30 0 21
500000 21 30 0 21
600000 21 30 0 21
700000 21 30 0 21
800000 21 30 0 21
900000 21 30 0 21
1000000 21 30 0 21
1100000 21 30 0 21
1200000 21 30 0 21
1300000 21 30 0 21
1400000 21 30 0 21
1500000 21 30 0 21
1600000 21 30 0 21
1700000 21 30 0 21
1800000 21 30 0 21
1900000 16 30 0 16
2000000 16 30 0 16
2100000 16 30 0 15
2200000 14 30 0 14
2300000 13 30 0 13
2400000 13 30 0 13
2500000 13 30 0 13
2600000 13 30 0 13
2700000 13 30 0 13
2800000 13 30 0 13
2900000 13 30 0 13
3000000 12 30 0 12
3100000 10 30 0 10
3200000 9 30 0 9
3300000 9 30 -1 9
3400000 10 30 0 9
3500000 9 30 0 9
3600000 9 30 0 9
3700000 10 30 0 9
3800000 8 30 0 6
3900000 5 30 0 5
4000000 6 30 0 5
4100000 7 30 1 5
4200000 6 30 0 5
4300000 7 30 0 5
4400000 5 30 0 4
4500000 4 30 0 3
4600000 4 30 1 3
4700000 4 30 0 3
4800000 6 30 0 3
4900000 4 30 -1 3
5000000 4 30 0 3
5100000 4 30 1 3
5200000 4 30 0 3
5300000 3 30 0 3
5400000 5 30 0 3
5500000 4 30 0 3
5600000 5 30 0 3
5700000 5 30 1 3
5800000 4 30 0 3
5900000 3 30 0 2
6000000 3 30 0 2
6100000 3 30 1 2
6200000 3 30 -1 2
6300000 4 30 0 2
6400000 3 30 1 2
6500000 3 30 1 2
6600000 5 30 1 2
6700000 5 30 1 2
6800000 4 30 0 2
6900000 3 30 0 2
7000000 2 30 -1 2
7100000 4 30 1 2
7200000 3 30 0 2
7300000 2 30 -1 2
7400000 2 30 0 2
7500000 4 30 1 2
7600000 3 30 1 2
7700000 3 30 0 2
7800000 2 30 -1 2
7900000 4 30 0 2
8000000 3 30 0 2
8100000 3 30 0 2
8200000 4 30 0 2
30
24
2
18
3
15
20
16
5
13
7
1
29
6
21
9
22
23
8
10
17
26
28
25
4
19
12
11
14
27
15
20
23
11
9
30
28
4
7
21
2
29
16
22
17
3
6
1
27
25
26
5
10
14
24
18
13
8
19
12
25
16
24
14
4
7
2
13
28
29
11
18
30
17
27
12
21
6
1
15
3
20
22
10
19
8
23
26
9
5
21
5
30
27
25
24
23
9
13
8
15
26
14
12
2
6
18
3
28
11
19
22
7
17
20
16
4
29
10
1
28
18
4
3
14
13
1
12
15
2
17
22
9
8
11
20
26
30
21
16
29
24
19
27
25
10
5
6
7
23
4
10
12
30
5
1
14
3
8
22
21
16
19
11
18
23
9
7
13
26
25
27
15
2
6
17
28
20
24
29
12
9
5
4
11
16
13
2
20
30
19
28
25
26
6
14
1
27
3
22
10
18
24
8
21
15
29
23
17
7
10
8
3
15
21
28
19
23
16
26
9
12
1
25
24
22
30
4
7
13
5
29
6
20
17
11
2
14
27
18
5
1
10
17
19
12
3
7
25
20
6
14
21
27
28
29
8
18
16
4
24
9
30
23
26
2
22
15
11
13
7
17
14
19
27
20
22
18
29
3
23
2
8
9
16
11
28
13
12
1
15
25
21
4
10
5
26
24
30
6
3
4
13
20
30
25
15
28
12
19
27
6
10
7
26
5
24
2
11
9
22
14
16
18
23
1
8
17
29
21
26
14
22
8
1
10
21
6
17
4
16
30
5
18
23
19
25
15
29
3
20
7
9
13
27
12
11
2
28
24
24
25
11
26
16
18
10
19
14
5
22
8
27
29
3
15
12
17
9
23
6
13
20
7
30
28
1
4
21
2
16
27
15
24
12
26
25
17
2
1
4
11
23
5
8
30
13
20
10
19
21
28
18
3
29
14
9
7
6
22
18
3
26
6
7
8
4
27
30
10
29
24
22
23
12
1
2
19
5
28
9
17
25
21
11
13
15
16
20
14
11
6
20
5
2
3
7
29
10
28
30
13
26
24
22
16
15
21
25
8
23
19
1
9
14
4
18
27
12
17
19
13
7
25
20
9
16
15
3
14
5
10
17
30
29
27
4
24
23
21
18
1
11
26
28
22
6
12
2
8
17
2
19
29
26
14
11
10
6
16
8
23
13
21
5
24
27
22
20
30
7
15
3
1
12
9
25
18
4
28
9
23
25
7
6
21
29
8
22
24
10
15
28
1
4
26
11
5
19
14
12
2
13
16
3
27
17
30
18
20
2
7
29
16
10
23
9
11
18
15
1
5
3
4
13
17
20
26
6
24
28
21
14
12
8
30
27
19
22
25
6
29
1
10
28
17
27
25
19
11
12
20
18
14
7
13
3
9
24
2
8
23
4
22
15
26
21
5
16
30
13
21
18
12
22
29
8
14
23
17
26
25
20
10
19
7
5
11
15
27
4
30
2
6
16
3
24
28
1
9
20
12
21
1
18
27
30
24
26
7
28
4
2
15
9
25
23
14
22
5
16
11
17
29
13
6
19
10
8
3
27
11
28
13
29
22
17
26
24
6
3
9
4
16
20
21
10
25
18
12
30
8
23
15
2
7
14
1
5
19
29
22
6
21
13
11
26
30
1
12
20
19
24
2
15
8
14
16
17
18
27
3
5
28
7
25
10
9
23
4
23
26
9
22
24
4
5
20
11
27
18
17
7
13
25
28
19
12
14
6
2
16
8
30
1
29
3
21
15
10
8
28
16
9
23
5
6
21
27
25
24
7
12
19
14
18
17
10
2
29
1
4
26
11
22
20
30
3
13
15
22
30
8
23
15
2
12
5
21
18
13
27
11
3
1
10
7
28
4
17
14
6
29
19
9
24
20
25
26
16
14
19
27
28
17
6
18
1
4
9
25
21
15
20
30
2
29
8
26
7
13
10
12
24
5
23
16
22
3
11
1
15
17
2
8
19
24
22
9
23
14
3
6
28
10
4
16
29
30
20
11
12
27
5
18
21
7
13
25
26
成功, 迭代次数: 8230415 | 迭代时间(s): 24.2446 | 迭代频率: 339474
