100000 29 40 0 29
200000 29 40 0 29
300000 29 40 0 29
400000 29 40 0 29
500000 29 40 0 29
600000 29 40 0 29
700000 29 40 0 29
800000 29 40 0 29
900000 29 40 0 29
1000000 29 40 0 29
1100000 29 40 0 29
1200000 29 40 0 29
1300000 29 40 0 29
1400000 29 40 0 29
1500000 29 40 0 29
1600000 29 40 0 29
1700000 29 40 0 29
1800000 29 40 0 29
1900000 29 40 0 29
2000000 29 40 0 29
2100000 29 40 0 29
2200000 29 40 0 29
2300000 29 40 0 29
2400000 29 40 0 29
2500000 29 40 0 29
2600000 29 40 0 29
2700000 29 40 0 29
2800000 29 40 0 29
2900000 29 40 0 29
3000000 29 40 0 29
3100000 29 40 0 29
3200000 29 40 0 29
3300000 29 40 0 29
3400000 29 40 0 29
3500000 29 40 0 29
3600000 29 40 0 29
3700000 29 40 0 29
3800000 29 40 0 29
3900000 29 40 0 29
4000000 29 40 0 29
4100000 29 40 0 29
4200000 29 40 0 29
4300000 29 40 0 29
4400000 29 40 0 29
4500000 29 40 0 29
4600000 29 40 0 29
4700000 29 40 0 29
4800000 29 40 0 29
4900000 29 40 0 29
5000000 29 40 0 29
5100000 28 40 0 28
5200000 28 40 0 28
5300000 28 40 0 28
5400000 28 40 0 28
5500000 28 40 0 28
5600000 28 40 0 28
5700000 28 40 0 28
5800000 28 40 0 28
5900000 28 40 0 28
6000000 28 40 0 28
6100000 28 40 0 28
6200000 28 40 0 28
6300000 28 40 0 28
6400000 28 40 0 28
6500000 28 40 0 28
6600000 28 40 0 28
6700000 28 40 0 28
6800000 28 40 0 28
6900000 28 40 0 28
7000000 28 40 0 28
7100000 28 40 0 28
7200000 28 40 0 28
7300000 28 40 0 28
7400000 28 40 0 28
7500000 28 40 0 28
7600000 28 40 0 28
7700000 28 40 0 28
7800000 28 40 0 28
7900000 28 40 0 28
8000000 28 40 0 28
8100000 28 40 0 28
8200000 28 40 0 28
8300000 28 40 0 28
8400000 28 40 0 28
8500000 28 40 0 28
8600000 28 40 0 28
8700000 28 40 0 28
8800000 28 40 0 28
8900000 28 40 0 28
9000000 28 40 0 28
9100000 28 40 0 28
9200000 28 40 0 28
9300000 28 40 0 28
9400000 28 40 0 28
9500000 28 40 0 28
9600000 28 40 0 28
9700000 28 40 0 28
9800000 28 40 0 28
9900000 28 40 0 28
10000000 28 40 0 28
10100000 28 40 0 28
10200000 28 40 0 28
10300000 28 40 0 28
10400000 28 40 0 28
10500000 28 40 0 28
10600000 28 40 0 28
10700000 28 40 0 28
10800000 28 40 0 28
10900000 28 40 0 28
11000000 28 40 0 28
11100000 28 40 0 28
11200000 28 40 0 28
11300000 28 40 0 28
11400000 28 40 0 28
11500000 28 40 0 28
11600000 28 40 0 28
11700000 28 40 0 28
11800000 28 40 0 28
11900000 28 40 0 28
12000000 28 40 0 28
12100000 28 40 0 28
12200000 28 40 0 28
12300000 28 40 0 28
12400000 28 40 0 28
12500000 28 40 0 28
12600000 28 40 0 28
12700000 28 40 0 28
12800000 28 40 0 28
12900000 28 40 0 28
13000000 28 40 0 28
13100000 28 40 0 28
13200000 28 40 0 28
13300000 28 40 0 28
13400000 28 40 0 28
13500000 28 40 0 28
13600000 28 40 0 28
13700000 28 40 0 28
13800000 28 40 0 28
13900000 28 40 0 28
14000000 28 40 0 28
14100000 28 40 0 28
14200000 28 40 0 28
14300000 28 40 0 28
14400000 28 40 0 28
14500000 28 40 0 28
14600000 28 40 0 28
14700000 28 40 0 28
14800000 28 40 0 28
14900000 28 40 0 28
15000000 28 40 0 28
15100000 28 40 0 28
15200000 28 40 0 28
15300000 28 40 0 28
15400000 28 40 0 28
15500000 28 40 0 28
15600000 28 40 0 28
15700000 28 40 0 28
15800000 28 40 0 28
15900000 28 40 0 28
16000000 28 40 0 28
16100000 28 40 0 28
16200000 28 40 0 28
16300000 28 40 0 28
16400000 28 40 0 28
16500000 28 40 0 28
16600000 28 40 0 28
16700000 28 40 0 28
16800000 28 40 0 28
16900000 28 40 0 28
17000000 28 40 0 28
17100000 28 40 0 28
17200000 28 40 0 28
17300000 28 40 0 28
17400000 28 40 0 28
17500000 28 40 0 28
17600000 28 40 0 28
17700000 28 40 0 28
17800000 28 40 0 28
17900000 28 40 0 28
18000000 28 40 0 28
18100000 28 40 0 28
18200000 28 40 0 28
18300000 28 40 0 28
18400000 28 40 0 28
18500000 28 40 0 28
18600000 28 40 0 28
18700000 29 40 0 28
18800000 28 40 0 28
18900000 28 40 0 28
19000000 28 40 0 28
19100000 28 40 0 28
19200000 28 40 0 28
19300000 28 40 0 28
19400000 28 40 0 28
19500000 28 40 0 28
19600000 28 40 0 28
19700000 28 40 0 28
19800000 28 40 0 28
19900000 28 40 0 28
20000000 28 40 0 28
20100000 28 40 0 28
20200000 28 40 0 28
20300000 28 40 0 28
20400000 28 40 0 28
20500000 28 40 0 28
20600000 28 40 0 28
20700000 28 40 0 28
20800000 28 40 0 28
20900000 28 40 0 28
21000000 28 40 0 28
21100000 28 40 0 28
21200000 28 40 0 28
21300000 28 40 0 28
21400000 28 40 0 28
21500000 28 40 0 28
21600000 28 40 0 28
21700000 28 40 0 28
21800000 28 40 0 28
21900000 28 40 0 28
22000000 28 40 0 28
22100000 28 40 0 28
22200000 28 40 0 28
22300000 28 40 0 28
22400000 28 40 0 28
22500000 28 40 0 28
22600000 28 40 0 28
22700000 28 40 0 28
22800000 28 40 0 28
22900000 28 40 0 28
23000000 28 40 0 28
23100000 28 40 0 28
23200000 28 40 0 28
23300000 28 40 0 28
23400000 28 40 0 28
23500000 28 40 0 28
23600000 28 40 0 28
23700000 28 40 0 28
23800000 28 40 0 28
23900000 28 40 0 28
24000000 28 40 0 28
24100000 28 40 0 28
24200000 28 40 0 28
24300000 28 40 0 28
24400000 28 40 0 28
24500000 28 40 0 28
24600000 28 40 0 28
24700000 28 40 0 28
24800000 28 40 0 28
24900000 28 40 0 28
25000000 28 40 0 28
25100000 28 40 0 28
25200000 28 40 0 28
25300000 28 40 0 28
25400000 28 40 0 28
25500000 28 40 0 28
25600000 28 40 0 28
25700000 28 40 0 28
25800000 28 40 0 28
25900000 28 40 0 28
26000000 28 40 0 28
26100000 28 40 0 28
26200000 28 40 0 28
26300000 28 40 0 28
26400000 28 40 0 28
26500000 28 40 0 28
26600000 28 40 0 28
26700000 28 40 0 28
26800000 28 40 0 28
26900000 28 40 0 28
27000000 28 40 0 28
27100000 28 40 0 28
27200000 28 40 0 28
27300000 28 40 0 28
27400000 28 40 0 28
27500000 28 40 0 28
27600000 28 40 0 28
27700000 28 40 0 28
27800000 28 40 0 28
27900000 28 40 0 28
28000000 28 40 0 28
28100000 28 40 0 28
28200000 28 40 0 28
28300000 28 40 0 28
28400000 28 40 0 28
28500000 28 40 0 28
28600000 28 40 0 28
28700000 28 40 0 28
28800000 28 40 0 28
28900000 28 40 0 28
29000000 28 40 0 28
29100000 28 40 0 28
29200000 28 40 0 28
29300000 28 40 0 28
29400000 28 40 0 28
29500000 28 40 0 28
29600000 28 40 0 28
29700000 28 40 0 28
29800000 28 40 0 28
29900000 28 40 0 28
30000000 28 40 0 28
30100000 28 40 0 28
30200000 28 40 0 28
30300000 28 40 0 28
30400000 28 40 0 28
30500000 28 40 0 28
30600000 28 40 0 28
30700000 28 40 0 28
30800000 28 40 0 28
30900000 28 40 0 28
31000000 28 40 0 28
31100000 28 40 0 28
31200000 28 40 0 28
31300000 28 40 0 28
31400000 28 40 0 28
31500000 28 40 0 28
31600000 28 40 0 28
31700000 28 40 0 28
31800000 28 40 0 28
31900000 28 40 0 28
32000000 28 40 0 28
32100000 28 40 0 28
32200000 28 40 0 28
32300000 28 40 0 28
32400000 28 40 0 28
32500000 28 40 0 28
32600000 28 40 0 28
32700000 28 40 0 28
32800000 28 40 0 28
32900000 28 40 0 28
33000000 28 40 0 28
33100000 28 40 0 28
33200000 28 40 0 28
33300000 28 40 0 28
33400000 28 40 0 28
33500000 28 40 0 28
33600000 28 40 0 28
33700000 28 40 0 28
33800000 28 40 0 28
33900000 28 40 0 28
34000000 28 40 0 28
34100000 28 40 0 28
34200000 28 40 0 28
34300000 28 40 0 28
34400000 28 40 0 28
34500000 28 40 0 28
34600000 28 40 0 28
34700000 28 40 0 28
34800000 28 40 0 28
34900000 28 40 0 28
35000000 28 40 0 28
35100000 28 40 0 28
35200000 28 40 0 28
35300000 28 40 0 28
35400000 28 40 0 28
35500000 28 40 0 28
35600000 28 40 0 28
35700000 28 40 0 28
35800000 28 40 0 28
35900000 28 40 0 28
36000000 28 40 0 28
36100000 28 40 0 28
36200000 28 40 0 28
36300000 28 40 0 28
36400000 28 40 0 28
36500000 28 40 0 28
36600000 28 40 0 28
36700000 28 40 0 28
36800000 28 40 0 28
36900000 28 40 0 28
37000000 28 40 0 28
37100000 28 40 0 28
37200000 28 40 0 28
37300000 28 40 0 28
37400000 28 40 0 28
37500000 28 40 0 28
37600000 28 40 0 28
37700000 28 40 0 28
37800000 28 40 0 28
37900000 27 40 0 27
38000000 27 40 0 27
38100000 27 40 0 27
38200000 27 40 0 27
38300000 26 40 0 26
38400000 26 40 0 26
38500000 26 40 0 26
38600000 26 40 0 26
38700000 26 40 0 26
38800000 26 40 0 26
38900000 26 40 0 26
39000000 26 40 0 26
39100000 26 40 0 26
39200000 26 40 0 26
39300000 26 40 0 26
39400000 26 40 0 26
39500000 26 40 0 26
39600000 26 40 0 26
39700000 26 40 0 26
39800000 26 40 0 26
39900000 26 40 0 26
40000000 26 40 0 26
40100000 26 40 0 26
40200000 26 40 0 26
40300000 26 40 0 26
40400000 26 40 0 26
40500000 26 40 0 26
40600000 26 40 0 26
40700000 26 40 0 26
40800000 26 40 0 26
40900000 26 40 0 26
41000000 26 40 0 26
41100000 26 40 0 26
41200000 26 40 0 26
41300000 26 40 0 26
41400000 26 40 0 26
41500000 26 40 0 26
41600000 26 40 0 26
41700000 26 40 0 26
41800000 26 40 0 26
41900000 26 40 0 26
42000000 26 40 0 26
42100000 26 40 0 26
42200000 26 40 0 26
42300000 26 40 0 26
42400000 26 40 0 26
42500000 26 40 0 26
42600000 26 40 0 26
42700000 26 40 0 26
42800000 26 40 0 26
42900000 26 40 0 26
43000000 25 40 0 25
43100000 25 40 0 25
43200000 25 40 0 25
43300000 25 40 0 25
43400000 25 40 0 25
43500000 25 40 0 25
43600000 25 40 0 25
43700000 25 40 0 25
43800000 25 40 0 25
43900000 25 40 0 25
44000000 25 40 0 25
44100000 25 40 0 25
44200000 25 40 0 25
44300000 25 40 0 25
44400000 25 40 0 25
44500000 25 40 0 25
44600000 25 40 0 25
44700000 25 40 0 25
44800000 25 40 0 25
44900000 25 40 0 25
45000000 25 40 0 25
45100000 25 40 0 25
45200000 25 40 0 25
45300000 25 40 0 25
45400000 25 40 0 25
45500000 25 40 0 25
45600000 25 40 0 25
45700000 25 40 0 25
45800000 25 40 0 25
45900000 25 40 0 25
46000000 25 40 0 25
46100000 25 40 0 25
46200000 25 40 0 25
46300000 25 40 0 25
46400000 25 40 0 25
46500000 25 40 0 25
46600000 25 40 0 25
46700000 25 40 0 25
46800000 25 40 0 25
46900000 25 40 0 25
47000000 25 40 0 25
47100000 25 40 0 25
47200000 25 40 0 25
47300000 25 40 0 25
47400000 25 40 0 25
47500000 25 40 0 25
47600000 25 40 0 25
47700000 25 40 0 25
47800000 25 40 0 25
47900000 25 40 0 25
48000000 25 40 0 25
48100000 25 40 0 25
48200000 25 40 0 25
48300000 25 40 0 25
48400000 25 40 0 25
48500000 25 40 0 25
48600000 25 40 0 25
48700000 25 40 0 25
48800000 25 40 0 25
48900000 25 40 0 25
49000000 25 40 0 25
49100000 25 40 0 25
49200000 25 40 0 25
49300000 25 40 0 25
49400000 25 40 0 25
49500000 25 40 0 25
49600000 25 40 0 25
49700000 25 40 0 25
49800000 25 40 0 25
49900000 25 40 0 25
50000000 25 40 0 25
50100000 25 40 0 25
50200000 25 40 0 25
50300000 25 40 0 25
50400000 25 40 0 25
50500000 25 40 0 25
50600000 25 40 0 25
50700000 25 40 0 25
50800000 25 40 0 25
50900000 25 40 0 25
51000000 25 40 0 25
51100000 25 40 0 25
51200000 25 40 0 25
51300000 25 40 0 25
51400000 25 40 0 25
51500000 25 40 0 25
51600000 25 40 0 25
51700000 25 40 0 25
51800000 25 40 0 25
51900000 25 40 0 25
52000000 25 40 0 25
52100000 25 40 0 25
52200000 25 40 0 25
52300000 25 40 0 25
52400000 25 40 0 25
52500000 25 40 0 25
52600000 25 40 0 25
52700000 25 40 0 25
52800000 25 40 0 25
52900000 25 40 0 25
53000000 25 40 0 25
53100000 25 40 0 25
53200000 25 40 0 25
53300000 25 40 0 25
53400000 25 40 0 25
53500000 25 40 0 25
53600000 25 40 0 25
53700000 25 40 0 25
53800000 25 40 0 25
53900000 25 40 0 25
54000000 25 40 0 25
54100000 25 40 0 25
54200000 25 40 0 25
54300000 25 40 0 25
54400000 25 40 0 25
54500000 25 40 0 25
54600000 25 40 0 25
54700000 25 40 0 25
54800000 25 40 0 25
54900000 25 40 0 25
55000000 25 40 0 25
55100000 25 40 0 25
55200000 25 40 0 25
55300000 25 40 0 25
55400000 25 40 0 25
55500000 25 40 0 25
55600000 25 40 0 25
55700000 25 40 0 25
55800000 25 40 0 25
55900000 25 40 0 25
56000000 25 40 0 25
56100000 25 40 0 25
56200000 25 40 0 25
56300000 25 40 0 25
56400000 25 40 0 25
56500000 25 40 0 25
56600000 25 40 0 25
56700000 25 40 0 25
56800000 25 40 0 25
56900000 25 40 0 25
57000000 25 40 0 25
57100000 25 40 0 25
57200000 25 40 0 25
57300000 25 40 0 25
57400000 25 40 0 25
57500000 25 40 0 25
57600000 25 40 0 25
57700000 25 40 0 25
57800000 25 40 0 25
57900000 25 40 0 25
58000000 25 40 0 25
58100000 25 40 0 25
58200000 25 40 0 25
58300000 25 40 0 25
58400000 25 40 0 25
58500000 25 40 0 25
58600000 25 40 0 25
58700000 25 40 0 25
58800000 25 40 0 25
58900000 25 40 0 25
59000000 25 40 0 25
59100000 25 40 0 25
59200000 25 40 0 25
59300000 25 40 0 25
59400000 25 40 0 25
59500000 25 40 0 25
59600000 25 40 0 25
59700000 25 40 0 25
59800000 25 40 0 25
59900000 25 40 0 25
60000000 25 40 0 25
60100000 25 40 0 25
60200000 25 40 0 25
60300000 25 40 0 25
60400000 25 40 0 25
60500000 25 40 0 25
60600000 25 40 0 25
60700000 25 40 0 25
60800000 25 40 0 25
60900000 25 40 0 25
61000000 25 40 0 25
61100000 25 40 0 25
61200000 25 40 0 25
61300000 25 40 0 25
61400000 25 40 0 25
61500000 25 40 0 25
61600000 25 40 0 25
61700000 25 40 0 25
61800000 25 40 0 25
61900000 25 40 0 25
62000000 25 40 0 25
62100000 25 40 0 25
62200000 25 40 0 25
62300000 25 40 0 25
62400000 25 40 0 25
62500000 25 40 0 25
62600000 25 40 0 25
62700000 25 40 0 25
62800000 25 40 0 25
62900000 25 40 0 25
63000000 25 40 0 25
63100000 25 40 0 25
63200000 25 40 0 25
63300000 25 40 0 25
63400000 25 40 0 25
63500000 25 40 0 25
63600000 25 40 0 25
63700000 25 40 0 25
63800000 25 40 0 25
63900000 25 40 0 25
64000000 25 40 0 25
64100000 25 40 0 25
64200000 25 40 0 25
64300000 25 40 0 25
64400000 25 40 0 25
64500000 25 40 0 25
64600000 25 40 0 25
64700000 25 40 0 25
64800000 25 40 0 25
64900000 25 40 0 25
65000000 25 40 0 25
65100000 25 40 0 25
65200000 25 40 0 25
65300000 25 40 0 25
65400000 25 40 0 25
65500000 25 40 0 25
65600000 25 40 0 25
65700000 25 40 0 25
65800000 25 40 0 25
65900000 25 40 0 25
66000000 25 40 0 25
66100000 25 40 0 25
66200000 25 40 0 25
66300000 25 40 0 25
66400000 25 40 0 25
66500000 25 40 0 25
66600000 25 40 0 25
66700000 25 40 0 25
66800000 25 40 0 25
66900000 25 40 0 25
67000000 25 40 0 25
67100000 25 40 0 25
67200000 25 40 0 25
67300000 25 40 0 25
67400000 25 40 0 25
67500000 25 40 0 25
67600000 25 40 0 25
67700000 25 40 0 25
67800000 25 40 0 25
67900000 25 40 0 25
68000000 25 40 0 25
68100000 25 40 0 25
68200000 25 40 0 25
68300000 25 40 0 25
68400000 25 40 0 25
68500000 25 40 0 25
68600000 25 40 0 25
68700000 25 40 0 25
68800000 25 40 0 25
68900000 25 40 0 25
69000000 25 40 0 25
69100000 25 40 0 25
69200000 25 40 0 25
69300000 25 40 0 25
69400000 25 40 0 25
69500000 25 40 0 25
69600000 25 40 0 25
69700000 25 40 0 25
69800000 25 40 0 25
69900000 25 40 0 25
70000000 25 40 0 25
70100000 25 40 0 25
70200000 25 40 0 25
70300000 25 40 0 25
70400000 25 40 0 25
70500000 25 40 0 25
70600000 25 40 0 25
70700000 25 40 0 25
70800000 25 40 0 25
70900000 25 40 0 25
71000000 25 40 0 25
71100000 25 40 0 25
71200000 25 40 0 25
71300000 25 40 0 25
71400000 25 40 0 25
71500000 25 40 0 25
71600000 25 40 0 25
71700000 25 40 0 25
71800000 25 40 0 25
71900000 25 40 0 25
72000000 25 40 0 25
72100000 25 40 0 25
72200000 25 40 0 25
72300000 25 40 0 25
72400000 25 40 0 25
72500000 25 40 0 25
72600000 25 40 0 25
72700000 25 40 0 25
72800000 25 40 0 25
72900000 25 40 0 25
73000000 25 40 0 25
73100000 25 40 0 25
73200000 25 40 0 25
73300000 25 40 0 25
73400000 25 40 0 25
73500000 25 40 0 25
73600000 25 40 0 25
73700000 25 40 0 25
73800000 25 40 0 25
73900000 25 40 0 25
74000000 25 40 0 25
74100000 25 40 0 25
74200000 25 40 0 25
74300000 25 40 0 25
74400000 25 40 0 25
74500000 25 40 0 25
74600000 25 40 0 25
74700000 25 40 0 25
74800000 25 40 0 25
74900000 25 40 0 25
75000000 25 40 0 25
75100000 25 40 0 25
75200000 25 40 0 25
75300000 25 40 0 25
75400000 25 40 0 25
75500000 25 40 0 25
75600000 25 40 0 25
75700000 25 40 0 25
75800000 25 40 0 25
75900000 25 40 0 25
76000000 25 40 0 25
76100000 25 40 0 25
76200000 25 40 0 25
76300000 25 40 0 25
76400000 25 40 0 25
76500000 25 40 0 25
76600000 25 40 0 25
76700000 25 40 0 25
76800000 25 40 0 25
76900000 25 40 0 25
77000000 25 40 0 25
77100000 25 40 0 25
77200000 25 40 0 25
77300000 25 40 0 25
77400000 25 40 0 25
77500000 25 40 0 25
77600000 25 40 0 25
77700000 25 40 0 25
77800000 25 40 0 25
77900000 25 40 0 25
78000000 25 40 0 25
78100000 25 40 0 25
78200000 25 40 0 25
78300000 25 40 0 25
78400000 25 40 0 25
78500000 25 40 0 25
78600000 25 40 0 25
78700000 25 40 0 25
78800000 25 40 0 25
78900000 25 40 0 25
79000000 25 40 0 25
79100000 25 40 0 25
79200000 25 40 0 25
79300000 25 40 0 25
79400000 25 40 0 25
79500000 25 40 0 25
79600000 25 40 0 25
79700000 25 40 0 25
79800000 25 40 0 25
79900000 25 40 0 25
80000000 25 40 0 25
80100000 25 40 0 25
80200000 25 40 0 25
80300000 25 40 0 25
80400000 25 40 0 25
80500000 25 40 0 25
80600000 25 40 0 25
80700000 25 40 0 25
80800000 25 40 0 25
80900000 25 40 0 25
81000000 25 40 0 25
81100000 25 40 0 25
81200000 25 40 0 25
81300000 25 40 0 25
81400000 25 40 0 25
81500000 25 40 0 25
81600000 25 40 0 25
81700000 25 40 0 25
81800000 25 40 0 25
81900000 25 40 0 25
82000000 25 40 0 25
82100000 25 40 0 25
82200000 25 40 0 25
82300000 25 40 0 25
82400000 25 40 0 25
82500000 25 40 0 25
82600000 25 40 0 25
82700000 25 40 0 25
82800000 25 40 0 25
82900000 25 40 0 25
83000000 25 40 0 25
83100000 25 40 0 25
83200000 25 40 0 25
83300000 25 40 0 25
83400000 25 40 0 25
83500000 25 40 0 25
83600000 25 40 0 25
83700000 25 40 0 25
83800000 25 40 0 25
83900000 25 40 0 25
84000000 25 40 0 25
84100000 25 40 0 25
84200000 25 40 0 25
84300000 25 40 0 25
84400000 25 40 0 25
84500000 25 40 0 25
84600000 25 40 0 25
84700000 25 40 0 25
84800000 25 40 0 25
84900000 25 40 0 25
85000000 25 40 0 25
85100000 25 40 0 25
85200000 25 40 0 25
85300000 25 40 0 25
85400000 25 40 0 25
85500000 25 40 0 25
85600000 25 40 0 25
85700000 25 40 0 25
85800000 25 40 0 25
85900000 25 40 0 25
86000000 25 40 0 25
86100000 25 40 0 25
86200000 25 40 0 25
86300000 25 40 0 25
86400000 25 40 0 25
86500000 25 40 0 25
86600000 25 40 0 25
86700000 25 40 0 25
86800000 25 40 0 25
86900000 25 40 0 25
87000000 25 40 0 25
87100000 25 40 0 25
87200000 25 40 0 25
87300000 25 40 0 25
87400000 25 40 0 25
87500000 25 40 0 25
87600000 25 40 0 25
87700000 25 40 0 25
87800000 25 40 0 25
87900000 25 40 0 25
88000000 25 40 0 25
88100000 25 40 0 25
88200000 25 40 0 25
88300000 25 40 0 25
88400000 25 40 0 25
88500000 25 40 0 25
88600000 25 40 0 25
88700000 25 40 0 25
88800000 25 40 0 25
88900000 25 40 0 25
89000000 25 40 0 25
89100000 25 40 0 25
89200000 25 40 0 25
89300000 25 40 0 25
89400000 25 40 0 25
89500000 25 40 0 25
89600000 25 40 0 25
89700000 25 40 0 25
89800000 25 40 0 25
89900000 25 40 0 25
90000000 25 40 0 25
90100000 25 40 0 25
90200000 25 40 0 25
90300000 25 40 0 25
90400000 25 40 0 25
90500000 25 40 0 25
90600000 25 40 0 25
90700000 25 40 0 25
90800000 25 40 0 25
90900000 25 40 0 25
91000000 25 40 0 25
91100000 25 40 0 25
91200000 25 40 0 25
91300000 25 40 0 25
91400000 25 40 0 25
91500000 25 40 0 25
91600000 25 40 0 25
91700000 25 40 0 25
91800000 25 40 0 25
91900000 25 40 0 25
92000000 25 40 0 25
92100000 25 40 0 25
92200000 25 40 0 25
92300000 25 40 0 25
92400000 25 40 0 25
92500000 25 40 0 25
92600000 25 40 0 25
92700000 25 40 0 25
92800000 25 40 0 25
92900000 25 40 0 25
93000000 25 40 0 25
93100000 25 40 0 25
93200000 25 40 0 25
93300000 25 40 0 25
93400000 25 40 0 25
93500000 25 40 0 25
93600000 25 40 0 25
93700000 25 40 0 25
93800000 25 40 0 25
93900000 25 40 0 25
94000000 25 40 0 25
94100000 25 40 0 25
94200000 25 40 0 25
94300000 25 40 0 25
94400000 25 40 0 25
94500000 25 40 0 25
94600000 25 40 0 25
94700000 25 40 0 25
94800000 25 40 0 25
94900000 25 40 0 25
95000000 25 40 0 25
95100000 25 40 0 25
95200000 25 40 0 25
95300000 25 40 0 25
95400000 25 40 0 25
95500000 25 40 0 25
95600000 25 40 0 25
95700000 25 40 0 25
95800000 25 40 0 25
95900000 25 40 0 25
96000000 25 40 0 25
96100000 25 40 0 25
96200000 25 40 0 25
96300000 25 40 0 25
96400000 25 40 0 25
96500000 25 40 0 25
96600000 25 40 0 25
96700000 25 40 0 25
96800000 25 40 0 25
96900000 25 40 0 25
97000000 25 40 0 25
97100000 25 40 0 25
97200000 25 40 0 25
97300000 25 40 0 25
97400000 25 40 0 25
97500000 25 40 0 25
97600000 25 40 0 25
97700000 25 40 0 25
97800000 25 40 0 25
97900000 25 40 0 25
98000000 25 40 0 25
98100000 25 40 0 25
98200000 25 40 0 25
98300000 25 40 0 25
98400000 25 40 0 25
98500000 25 40 0 25
98600000 25 40 0 25
98700000 25 40 0 25
98800000 25 40 0 25
98900000 25 40 0 25
99000000 25 40 0 25
99100000 25 40 0 25
99200000 25 40 0 25
99300000 25 40 0 25
99400000 25 40 0 25
99500000 25 40 0 25
99600000 25 40 0 25
99700000 25 40 0 25
99800000 25 40 0 25
99900000 25 40 0 25
100000000 25 40 0 25
100100000 25 40 0 25
100200000 25 40 0 25
100300000 25 40 0 25
100400000 25 40 0 25
100500000 25 40 0 25
100600000 25 40 0 25
100700000 25 40 0 25
100800000 25 40 0 25
100900000 25 40 0 25
101000000 25 40 0 25
101100000 25 40 0 25
101200000 25 40 0 25
101300000 25 40 0 25
101400000 25 40 0 25
101500000 25 40 0 25
101600000 25 40 0 25
101700000 25 40 0 25
101800000 25 40 0 25
101900000 25 40 0 25
102000000 25 40 0 25
102100000 25 40 0 25
102200000 25 40 0 25
102300000 25 40 0 25
102400000 25 40 0 25
102500000 25 40 0 25
102600000 25 40 0 25
102700000 25 40 0 25
102800000 25 40 0 25
102900000 25 40 0 25
103000000 25 40 0 25
103100000 25 40 0 25
103200000 25 40 0 25
103300000 25 40 0 25
103400000 25 40 0 25
103500000 25 40 0 25
103600000 25 40 0 25
103700000 25 40 0 25
103800000 25 40 0 25
103900000 25 40 0 25
104000000 25 40 0 25
104100000 25 40 0 25
104200000 25 40 0 25
104300000 25 40 0 25
104400000 25 40 0 25
104500000 25 40 0 25
104600000 25 40 0 25
104700000 25 40 0 25
104800000 25 40 0 25
104900000 25 40 0 25
105000000 25 40 0 25
105100000 25 40 0 25
105200000 25 40 0 25
105300000 25 40 0 25
105400000 25 40 0 25
105500000 25 40 0 25
105600000 25 40 0 25
105700000 25 40 0 25
105800000 25 40 0 25
105900000 25 40 0 25
106000000 25 40 0 25
106100000 25 40 0 25
106200000 25 40 0 25
106300000 25 40 0 25
106400000 25 40 0 25
106500000 25 40 0 25
106600000 25 40 0 25
106700000 25 40 0 25
106800000 25 40 0 25
106900000 25 40 0 25
107000000 25 40 0 25
107100000 25 40 0 25
107200000 25 40 0 25
107300000 25 40 0 25
107400000 25 40 0 25
107500000 25 40 0 25
107600000 25 40 0 25
107700000 25 40 0 25
107800000 25 40 0 25
107900000 25 40 0 25
108000000 25 40 0 25
108100000 25 40 0 25
108200000 25 40 0 25
108300000 25 40 0 25
108400000 25 40 0 25
108500000 25 40 0 25
108600000 25 40 0 25
108700000 25 40 0 25
108800000 25 40 0 25
108900000 25 40 0 25
109000000 25 40 0 25
109100000 25 40 0 25
109200000 25 40 0 25
109300000 25 40 0 25
109400000 25 40 0 25
109500000 25 40 0 25
109600000 25 40 0 25
109700000 25 40 0 25
109800000 25 40 0 25
109900000 25 40 0 25
110000000 25 40 0 25
110100000 25 40 0 25
110200000 25 40 0 25
110300000 25 40 0 25
110400000 25 40 0 25
110500000 25 40 0 25
110600000 25 40 0 25
110700000 25 40 0 25
110800000 25 40 0 25
110900000 25 40 0 25
111000000 25 40 0 25
111100000 25 40 0 25
111200000 25 40 0 25
111300000 25 40 0 25
111400000 25 40 0 25
111500000 25 40 0 25
111600000 25 40 0 25
111700000 25 40 0 25
111800000 25 40 0 25
111900000 25 40 0 25
112000000 25 40 0 25
112100000 25 40 0 25
112200000 25 40 0 25
112300000 25 40 0 25
112400000 25 40 0 25
112500000 25 40 0 25
112600000 25 40 0 25
112700000 25 40 0 25
112800000 25 40 0 25
112900000 25 40 0 25
113000000 25 40 0 25
113100000 25 40 0 25
113200000 25 40 0 25
113300000 25 40 0 25
113400000 25 40 0 25
113500000 25 40 0 25
113600000 25 40 0 25
113700000 25 40 0 25
113800000 25 40 0 25
113900000 25 40 0 25
114000000 25 40 0 25
114100000 25 40 0 25
114200000 25 40 0 25
114300000 25 40 0 25
114400000 25 40 0 25
114500000 25 40 0 25
114600000 25 40 0 25
114700000 25 40 0 25
114800000 25 40 0 25
114900000 25 40 0 25
115000000 25 40 0 25
115100000 25 40 0 25
115200000 25 40 0 25
115300000 25 40 0 25
115400000 25 40 0 25
115500000 25 40 0 25
115600000 25 40 0 25
115700000 25 40 0 25
115800000 25 40 0 25
115900000 25 40 0 25
116000000 25 40 0 25
116100000 25 40 0 25
116200000 25 40 0 25
116300000 25 40 0 25
116400000 25 40 0 25
116500000 25 40 0 25
116600000 25 40 0 25
116700000 25 40 0 25
116800000 25 40 0 25
116900000 25 40 0 25
117000000 25 40 0 25
117100000 25 40 0 25
117200000 25 40 0 25
117300000 25 40 0 25
117400000 25 40 0 25
117500000 25 40 0 25
117600000 25 40 0 25
117700000 25 40 0 25
117800000 25 40 0 25
117900000 25 40 0 25
118000000 25 40 0 25
118100000 25 40 0 25
118200000 25 40 0 25
118300000 25 40 0 25
118400000 25 40 0 25
118500000 25 40 0 25
118600000 25 40 0 25
118700000 25 40 0 25
118800000 25 40 0 25
118900000 25 40 0 25
119000000 25 40 0 25
119100000 25 40 0 25
119200000 25 40 0 25
119300000 25 40 0 25
119400000 25 40 0 25
119500000 25 40 0 25
119600000 25 40 0 25
119700000 25 40 0 25
119800000 25 40 0 25
119900000 25 40 0 25
120000000 25 40 0 25
120100000 25 40 0 25
120200000 25 40 0 25
120300000 25 40 0 25
120400000 25 40 0 25
120500000 25 40 0 25
120600000 25 40 0 25
120700000 25 40 0 25
120800000 25 40 0 25
120900000 25 40 0 25
121000000 25 40 0 25
121100000 25 40 0 25
121200000 25 40 0 25
121300000 25 40 0 25
121400000 25 40 0 25
121500000 25 40 0 25
121600000 25 40 0 25
121700000 25 40 0 25
121800000 25 40 0 25
121900000 25 40 0 25
122000000 25 40 0 25
122100000 25 40 0 25
122200000 25 40 0 25
122300000 25 40 0 25
122400000 25 40 0 25
122500000 25 40 0 25
122600000 25 40 0 25
122700000 25 40 0 25
122800000 25 40 0 25
122900000 25 40 0 25
123000000 25 40 0 25
123100000 25 40 0 25
123200000 25 40 0 25
123300000 25 40 0 25
123400000 25 40 0 25
123500000 25 40 0 25
123600000 25 40 0 25
123700000 25 40 0 25
123800000 25 40 0 25
123900000 25 40 0 25
124000000 25 40 0 25
124100000 25 40 0 25
124200000 25 40 0 25
124300000 25 40 0 25
124400000 25 40 0 25
124500000 25 40 0 25
124600000 25 40 0 25
124700000 25 40 0 25
124800000 25 40 0 25
124900000 25 40 0 25
125000000 25 40 0 25
125100000 25 40 0 25
125200000 25 40 0 25
125300000 25 40 0 25
125400000 25 40 0 25
125500000 25 40 0 25
125600000 25 40 0 25
125700000 25 40 0 25
125800000 25 40 0 25
125900000 25 40 0 25
126000000 25 40 0 25
126100000 25 40 0 25
126200000 25 40 0 25
126300000 25 40 0 25
126400000 25 40 0 25
126500000 25 40 0 25
126600000 25 40 0 25
126700000 25 40 0 25
126800000 25 40 0 25
126900000 25 40 0 25
127000000 25 40 0 25
127100000 25 40 0 25
127200000 25 40 0 25
127300000 25 40 0 25
127400000 25 40 0 25
127500000 25 40 0 25
127600000 25 40 0 25
127700000 25 40 0 25
127800000 25 40 0 25
127900000 25 40 0 25
128000000 25 40 0 25
128100000 25 40 0 25
128200000 25 40 0 25
128300000 25 40 0 25
128400000 25 40 0 25
128500000 25 40 0 25
128600000 25 40 0 25
128700000 25 40 0 25
128800000 25 40 0 25
128900000 25 40 0 25
129000000 25 40 0 25
129100000 25 40 0 25
129200000 25 40 0 25
129300000 25 40 0 25
129400000 25 40 0 25
129500000 25 40 0 25
129600000 25 40 0 25
129700000 25 40 0 25
129800000 25 40 0 25
129900000 25 40 0 25
130000000 25 40 0 25
130100000 25 40 0 25
130200000 25 40 0 25
130300000 25 40 0 25
130400000 25 40 0 25
130500000 25 40 0 25
130600000 25 40 0 25
130700000 25 40 0 25
130800000 25 40 0 25
130900000 25 40 0 25
131000000 25 40 0 25
131100000 25 40 0 25
131200000 25 40 0 25
131300000 25 40 0 25
131400000 25 40 0 25
131500000 25 40 0 25
131600000 25 40 0 25
131700000 25 40 0 25
131800000 25 40 0 25
131900000 25 40 0 25
132000000 25 40 0 25
132100000 25 40 0 25
132200000 25 40 0 25
132300000 25 40 0 25
132400000 25 40 0 25
132500000 25 40 0 25
132600000 25 40 0 25
132700000 25 40 0 25
132800000 25 40 0 25
132900000 25 40 0 25
133000000 25 40 0 25
133100000 25 40 0 25
133200000 25 40 0 25
133300000 25 40 0 25
133400000 25 40 0 25
133500000 25 40 0 25
133600000 25 40 0 25
133700000 25 40 0 25
133800000 25 40 0 25
133900000 25 40 0 25
134000000 25 40 0 25
134100000 25 40 0 25
134200000 25 40 0 25
134300000 25 40 0 25
134400000 25 40 0 25
134500000 25 40 0 25
134600000 25 40 0 25
134700000 25 40 0 25
134800000 25 40 0 25
134900000 25 40 0 25
135000000 25 40 0 25
135100000 25 40 0 25
135200000 25 40 0 25
135300000 25 40 0 25
135400000 25 40 0 25
135500000 25 40 0 25
135600000 25 40 0 25
135700000 25 40 0 25
135800000 25 40 0 25
135900000 25 40 0 25
136000000 25 40 0 25
136100000 25 40 0 25
136200000 25 40 0 25
136300000 25 40 0 25
136400000 25 40 0 25
136500000 25 40 0 25
136600000 25 40 0 25
136700000 25 40 0 25
136800000 25 40 0 25
136900000 25 40 0 25
137000000 25 40 0 25
137100000 25 40 0 25
137200000 25 40 0 25
137300000 25 40 0 25
137400000 25 40 0 25
137500000 25 40 0 25
137600000 25 40 0 25
137700000 25 40 0 25
137800000 25 40 0 25
137900000 25 40 0 25
138000000 25 40 0 25
138100000 25 40 0 25
138200000 25 40 0 25
138300000 25 40 0 25
138400000 25 40 0 25
138500000 25 40 0 25
138600000 25 40 0 25
138700000 25 40 0 25
138800000 25 40 0 25
138900000 25 40 0 25
139000000 25 40 0 25
139100000 25 40 0 25
139200000 25 40 0 25
139300000 25 40 0 25
139400000 25 40 0 25
139500000 25 40 0 25
139600000 25 40 0 25
139700000 25 40 0 25
139800000 25 40 0 25
139900000 25 40 0 25
140000000 25 40 0 25
140100000 25 40 0 25
140200000 25 40 0 25
140300000 25 40 0 25
140400000 25 40 0 25
140500000 25 40 0 25
140600000 25 40 0 25
140700000 25 40 0 25
140800000 25 40 0 25
140900000 25 40 0 25
141000000 25 40 0 25
141100000 25 40 0 25
141200000 25 40 0 25
141300000 25 40 0 25
141400000 25 40 0 25
141500000 25 40 0 25
141600000 25 40 0 25
141700000 25 40 0 25
141800000 25 40 0 25
141900000 25 40 0 25
142000000 25 40 0 25
142100000 25 40 0 25
142200000 25 40 0 25
142300000 25 40 0 25
142400000 25 40 0 25
142500000 25 40 0 25
142600000 25 40 0 25
142700000 25 40 0 25
142800000 25 40 0 25
142900000 25 40 0 25
143000000 25 40 0 25
143100000 25 40 0 25
143200000 25 40 0 25
143300000 25 40 0 25
143400000 25 40 0 25
143500000 25 40 0 25
143600000 25 40 0 25
143700000 25 40 0 25
143800000 25 40 0 25
143900000 25 40 0 25
144000000 25 40 0 25
144100000 25 40 0 25
144200000 25 40 0 25
144300000 25 40 0 25
144400000 25 40 0 25
144500000 25 40 0 25
144600000 25 40 0 25
144700000 25 40 0 25
144800000 25 40 0 25
144900000 25 40 0 25
145000000 25 40 0 25
145100000 25 40 0 25
145200000 25 40 0 25
145300000 25 40 0 25
145400000 25 40 0 25
145500000 25 40 0 25
145600000 25 40 0 25
145700000 25 40 0 25
145800000 25 40 0 25
145900000 25 40 0 25
146000000 25 40 0 25
146100000 25 40 0 25
146200000 25 40 0 25
146300000 25 40 0 25
146400000 25 40 0 25
146500000 25 40 0 25
146600000 25 40 0 25
146700000 25 40 0 25
146800000 25 40 0 25
146900000 25 40 0 25
147000000 25 40 0 25
147100000 25 40 0 25
147200000 25 40 0 25
147300000 25 40 0 25
147400000 25 40 0 25
147500000 25 40 0 25
147600000 25 40 0 25
147700000 25 40 0 25
147800000 25 40 0 25
147900000 25 40 0 25
148000000 25 40 0 25
148100000 25 40 0 25
148200000 25 40 0 25
148300000 25 40 0 25
148400000 25 40 0 25
148500000 25 40 0 25
148600000 25 40 0 25
148700000 25 40 0 25
148800000 25 40 0 25
148900000 25 40 0 25
149000000 25 40 0 25
149100000 25 40 0 25
149200000 25 40 0 25
149300000 25 40 0 25
149400000 25 40 0 25
149500000 25 40 0 25
149600000 25 40 0 25
149700000 25 40 0 25
149800000 25 40 0 25
149900000 25 40 0 25
150000000 25 40 0 25
150100000 25 40 0 25
150200000 25 40 0 25
150300000 25 40 0 25
150400000 25 40 0 25
150500000 25 40 0 25
150600000 25 40 0 25
150700000 25 40 0 25
150800000 25 40 0 25
150900000 25 40 0 25
151000000 25 40 0 25
151100000 25 40 0 25
151200000 25 40 0 25
151300000 25 40 0 25
151400000 25 40 0 25
151500000 25 40 0 25
151600000 25 40 0 25
151700000 25 40 0 25
151800000 25 40 0 25
151900000 25 40 0 25
152000000 25 40 0 25
152100000 25 40 0 25
152200000 25 40 0 25
152300000 25 40 0 25
152400000 25 40 0 25
152500000 25 40 0 25
152600000 25 40 0 25
152700000 25 40 0 25
152800000 25 40 0 25
152900000 25 40 0 25
153000000 25 40 0 25
153100000 25 40 0 25
153200000 25 40 0 25
153300000 25 40 0 25
153400000 25 40 0 25
153500000 25 40 0 25
153600000 25 40 0 25
153700000 25 40 0 25
153800000 25 40 0 25
153900000 25 40 0 25
154000000 25 40 0 25
154100000 25 40 0 25
154200000 25 40 0 25
154300000 25 40 0 25
154400000 25 40 0 25
154500000 25 40 0 25
154600000 25 40 0 25
154700000 25 40 0 25
154800000 25 40 0 25
154900000 25 40 0 25
155000000 25 40 0 25
155100000 25 40 0 25
155200000 25 40 0 25
155300000 25 40 0 25
155400000 25 40 0 25
155500000 25 40 0 25
155600000 25 40 0 25
155700000 25 40 0 25
155800000 25 40 0 25
155900000 25 40 0 25
156000000 25 40 0 25
156100000 25 40 0 25
156200000 25 40 0 25
156300000 25 40 0 25
156400000 25 40 0 25
156500000 25 40 0 25
156600000 25 40 0 25
156700000 25 40 0 25
156800000 25 40 0 25
156900000 25 40 0 25
157000000 25 40 0 25
157100000 25 40 0 25
157200000 25 40 0 25
157300000 25 40 0 25
157400000 25 40 0 25
157500000 25 40 0 25
157600000 25 40 0 25
157700000 25 40 0 25
157800000 25 40 0 25
157900000 25 40 0 25
158000000 25 40 0 25
158100000 25 40 0 25
158200000 25 40 0 25
158300000 25 40 0 25
158400000 25 40 0 25
158500000 25 40 0 25
158600000 25 40 0 25
158700000 25 40 0 25
158800000 25 40 0 25
158900000 25 40 0 25
159000000 25 40 0 25
159100000 25 40 0 25
159200000 25 40 0 25
159300000 25 40 0 25
159400000 25 40 0 25
159500000 25 40 0 25
159600000 25 40 0 25
159700000 25 40 0 25
159800000 25 40 0 25
159900000 25 40 0 25
160000000 25 40 0 25
160100000 25 40 0 25
160200000 25 40 0 25
160300000 25 40 0 25
160400000 25 40 0 25
160500000 25 40 0 25
160600000 25 40 0 25
160700000 25 40 0 25
160800000 25 40 0 25
160900000 25 40 0 25
161000000 25 40 0 25
161100000 25 40 0 25
161200000 25 40 0 25
161300000 25 40 0 25
161400000 25 40 0 25
161500000 25 40 0 25
161600000 25 40 0 25
161700000 25 40 0 25
161800000 25 40 0 25
161900000 25 40 0 25
162000000 25 40 0 25
162100000 25 40 0 25
162200000 25 40 0 25
162300000 25 40 0 25
162400000 25 40 0 25
162500000 25 40 0 25
162600000 25 40 0 25
162700000 25 40 0 25
162800000 25 40 0 25
162900000 25 40 0 25
163000000 25 40 0 25
163100000 25 40 0 25
163200000 25 40 0 25
163300000 25 40 0 25
163400000 25 40 0 25
163500000 25 40 0 25
163600000 25 40 0 25
163700000 25 40 0 25
163800000 25 40 0 25
163900000 25 40 0 25
164000000 25 40 0 25
164100000 25 40 0 25
164200000 25 40 0 25
164300000 25 40 0 25
164400000 25 40 0 25
164500000 25 40 0 25
164600000 25 40 0 25
164700000 25 40 0 25
164800000 25 40 0 25
164900000 25 40 0 25
165000000 25 40 0 25
165100000 25 40 0 25
165200000 25 40 0 25
165300000 25 40 0 25
165400000 25 40 0 25
165500000 25 40 0 25
165600000 25 40 0 25
165700000 25 40 0 25
165800000 25 40 0 25
165900000 25 40 0 25
166000000 25 40 0 25
166100000 25 40 0 25
166200000 25 40 0 25
166300000 25 40 0 25
166400000 25 40 0 25
166500000 25 40 0 25
166600000 25 40 0 25
166700000 25 40 0 25
166800000 25 40 0 25
166900000 25 40 0 25
167000000 25 40 0 25
167100000 25 40 0 25
167200000 25 40 0 25
167300000 25 40 0 25
167400000 25 40 0 25
167500000 25 40 0 25
167600000 25 40 0 25
167700000 25 40 0 25
167800000 25 40 0 25
167900000 25 40 0 25
168000000 25 40 0 25
168100000 25 40 0 25
168200000 25 40 0 25
168300000 25 40 0 25
168400000 25 40 0 25
168500000 25 40 0 25
168600000 25 40 0 25
168700000 25 40 0 25
168800000 25 40 0 25
168900000 25 40 0 25
169000000 25 40 0 25
169100000 25 40 0 25
169200000 25 40 0 25
169300000 25 40 0 25
169400000 25 40 0 25
169500000 25 40 0 25
169600000 25 40 0 25
169700000 25 40 0 25
169800000 25 40 0 25
169900000 25 40 0 25
170000000 25 40 0 25
170100000 25 40 0 25
170200000 25 40 0 25
170300000 25 40 0 25
170400000 25 40 0 25
170500000 25 40 0 25
170600000 25 40 0 25
170700000 25 40 0 25
170800000 25 40 0 25
170900000 25 40 0 25
171000000 25 40 0 25
171100000 25 40 0 25
171200000 25 40 0 25
171300000 25 40 0 25
171400000 25 40 0 25
171500000 25 40 0 25
171600000 25 40 0 25
171700000 25 40 0 25
171800000 25 40 0 25
171900000 25 40 0 25
172000000 25 40 0 25
172100000 25 40 0 25
172200000 25 40 0 25
172300000 25 40 0 25
172400000 25 40 0 25
172500000 25 40 0 25
172600000 25 40 0 25
172700000 25 40 0 25
172800000 25 40 0 25
172900000 25 40 0 25
173000000 25 40 0 25
173100000 25 40 0 25
173200000 25 40 0 25
173300000 25 40 0 25
173400000 25 40 0 25
173500000 25 40 0 25
173600000 25 40 0 25
173700000 25 40 0 25
173800000 25 40 0 25
173900000 25 40 0 25
174000000 25 40 0 25
174100000 25 40 0 25
174200000 25 40 0 25
174300000 25 40 0 25
174400000 25 40 0 25
174500000 25 40 0 25
174600000 25 40 0 25
174700000 25 40 0 25
174800000 25 40 0 25
174900000 25 40 0 25
175000000 25 40 0 25
175100000 25 40 0 25
175200000 25 40 0 25
175300000 25 40 0 25
175400000 25 40 0 25
175500000 25 40 0 25
175600000 25 40 0 25
175700000 25 40 0 25
175800000 25 40 0 25
175900000 25 40 0 25
176000000 25 40 0 25
176100000 25 40 0 25
176200000 25 40 0 25
176300000 25 40 0 25
176400000 25 40 0 25
176500000 25 40 0 25
176600000 25 40 0 25
176700000 25 40 0 25
176800000 25 40 0 25
176900000 25 40 0 25
177000000 25 40 0 25
177100000 25 40 0 25
177200000 25 40 0 25
177300000 25 40 0 25
177400000 25 40 0 25
177500000 25 40 0 25
177600000 25 40 0 25
177700000 25 40 0 25
177800000 25 40 0 25
177900000 25 40 0 25
178000000 25 40 0 25
178100000 25 40 0 25
178200000 25 40 0 25
178300000 25 40 0 25
178400000 25 40 0 25
178500000 25 40 0 25
178600000 25 40 0 25
178700000 25 40 0 25
178800000 25 40 0 25
178900000 25 40 0 25
179000000 25 40 0 25
179100000 25 40 0 25
179200000 25 40 0 25
179300000 25 40 0 25
179400000 25 40 0 25
179500000 25 40 0 25
179600000 25 40 0 25
179700000 25 40 0 25
179800000 25 40 0 25
179900000 25 40 0 25
180000000 25 40 0 25
180100000 25 40 0 25
180200000 25 40 0 25
180300000 25 40 0 25
180400000 25 40 0 25
180500000 25 40 0 25
180600000 25 40 0 25
180700000 25 40 0 25
180800000 25 40 0 25
180900000 25 40 0 25
181000000 25 40 0 25
181100000 25 40 0 25
181200000 25 40 0 25
181300000 25 40 0 25
181400000 25 40 0 25
181500000 25 40 0 25
181600000 25 40 0 25
181700000 25 40 0 25
181800000 25 40 0 25
181900000 25 40 0 25
182000000 25 40 0 25
182100000 25 40 0 25
182200000 25 40 0 25
182300000 25 40 0 25
182400000 25 40 0 25
182500000 25 40 0 25
182600000 25 40 0 25
182700000 25 40 0 25
182800000 25 40 0 25
182900000 25 40 0 25
183000000 25 40 0 25
183100000 25 40 0 25
183200000 25 40 0 25
183300000 25 40 0 25
183400000 25 40 0 25
183500000 25 40 0 25
183600000 25 40 0 25
183700000 25 40 0 25
183800000 25 40 0 25
183900000 25 40 0 25
184000000 25 40 0 25
184100000 25 40 0 25
184200000 25 40 0 25
184300000 25 40 0 25
184400000 25 40 0 25
184500000 25 40 0 25
184600000 25 40 0 25
184700000 25 40 0 25
184800000 25 40 0 25
184900000 25 40 0 25
185000000 25 40 0 25
185100000 25 40 0 25
185200000 25 40 0 25
185300000 25 40 0 25
185400000 25 40 0 25
185500000 25 40 0 25
185600000 25 40 0 25
185700000 25 40 0 25
185800000 25 40 0 25
185900000 25 40 0 25
186000000 25 40 0 25
186100000 25 40 0 25
186200000 25 40 0 25
186300000 25 40 0 25
186400000 25 40 0 25
186500000 25 40 0 25
186600000 25 40 0 25
186700000 25 40 0 25
186800000 25 40 0 25
186900000 25 40 0 24
187000000 24 40 0 24
187100000 24 40 0 24
187200000 23 40 0 23
187300000 23 40 0 23
187400000 23 40 0 23
187500000 23 40 0 23
187600000 23 40 0 23
187700000 23 40 0 23
187800000 23 40 0 23
187900000 23 40 0 23
188000000 23 40 0 23
188100000 23 40 0 23
188200000 23 40 0 23
188300000 23 40 0 23
188400000 23 40 0 23
188500000 21 40 0 21
188600000 22 40 0 21
188700000 20 40 0 20
188800000 20 40 0 20
188900000 20 40 0 20
189000000 20 40 0 20
189100000 19 40 0 19
189200000 20 40 0 19
189300000 19 40 0 19
189400000 19 40 0 19
189500000 18 40 0 18
189600000 17 40 0 17
189700000 16 40 0 16
189800000 16 40 0 16
189900000 16 40 0 16
190000000 15 40 0 15
190100000 13 40 0 12
190200000 13 40 0 12
190300000 12 40 0 11
190400000 9 40 0 9
190500000 9 40 0 9
190600000 9 40 0 9
190700000 11 40 1 9
190800000 10 40 0 9
190900000 10 40 0 9
191000000 9 40 0 9
191100000 9 40 0 9
191200000 9 40 0 9
191300000 9 40 0 9
191400000 10 40 0 9
191500000 9 40 0 9
191600000 8 40 0 8
191700000 8 40 0 8
191800000 9 40 0 8
191900000 8 40 0 8
192000000 8 40 0 8
192100000 9 40 0 8
192200000 8 40 0 8
192300000 8 40 0 8
192400000 9 40 0 8
192500000 8 40 0 8
192600000 8 40 0 8
192700000 8 40 0 8
192800000 10 40 0 8
192900000 8 40 0 8
193000000 7 40 0 7
193100000 7 40 1 6
193200000 7 40 0 6
193300000 6 40 -1 6
193400000 7 40 0 6
193500000 6 40 0 6
193600000 6 40 0 6
193700000 6 40 0 6
193800000 7 40 1 6
193900000 6 40 0 6
194000000 6 40 0 6
194100000 7 40 0 6
194200000 8 40 0 6
194300000 9 40 0 6
194400000 8 40 0 6
194500000 8 40 0 6
194600000 8 40 0 6
194700000 8 40 0 6
194800000 8 40 0 6
194900000 7 40 0 6
195000000 6 40 0 6
195100000 7 40 0 6
195200000 6 40 0 6
195300000 7 40 0 6
195400000 6 40 0 6
195500000 6 40 -1 6
195600000 6 40 0 6
195700000 6 40 0 6
195800000 6 40 0 6
195900000 6 40 0 6
196000000 6 40 -1 6
196100000 6 40 0 6
196200000 6 40 0 6
196300000 7 40 0 6
196400000 6 40 0 6
196500000 6 40 0 6
196600000 6 40 0 6
196700000 6 40 0 6
196800000 6 40 0 6
196900000 7 40 0 6
197000000 7 40 0 6
197100000 7 40 1 6
197200000 6 40 0 6
197300000 7 40 0 6
197400000 6 40 0 6
197500000 6 40 0 6
197600000 7 40 1 6
197700000 7 40 0 6
197800000 7 40 0 6
197900000 7 40 0 6
198000000 6 40 0 6
198100000 8 40 0 6
198200000 7 40 0 6
198300000 6 40 0 6
198400000 7 40 0 6
198500000 7 40 0 6
198600000 6 40 0 6
198700000 7 40 0 6
198800000 6 40 0 6
198900000 7 40 0 6
199000000 6 40 0 6
199100000 6 40 0 6
199200000 6 40 0 6
199300000 8 40 0 6
199400000 6 40 0 6
199500000 6 40 0 6
199600000 7 40 0 6
199700000 6 40 0 6
199800000 6 40 0 6
199900000 6 40 -1 6
200000000 6 40 0 6
200100000 7 40 0 6
200200000 7 40 0 6
200300000 7 40 0 6
200400000 7 40 0 6
200500000 7 40 0 6
200600000 6 40 -1 6
200700000 7 40 0 6
200800000 7 40 0 6
200900000 6 40 0 6
201000000 7 40 0 6
201100000 6 40 0 6
201200000 6 40 0 6
201300000 7 40 0 6
201400000 6 40 0 6
201500000 6 40 0 6
201600000 7 40 0 6
201700000 6 40 0 6
201800000 6 40 -1 6
201900000 6 40 0 6
202000000 6 40 0 6
202100000 6 40 0 6
202200000 6 40 0 6
202300000 6 40 0 6
202400000 6 40 0 6
202500000 6 40 0 6
202600000 6 40 0 6
202700000 6 40 0 6
202800000 6 40 0 6
202900000 6 40 0 6
203000000 7 40 0 6
203100000 7 40 0 6
203200000 6 40 0 6
203300000 6 40 0 6
203400000 7 40 1 6
203500000 7 40 0 6
203600000 6 40 0 6
203700000 7 40 0 6
203800000 6 40 0 6
203900000 6 40 0 6
204000000 6 40 0 6
204100000 6 40 0 6
204200000 7 40 0 6
204300000 6 40 -1 6
204400000 6 40 0 6
204500000 7 40 0 6
204600000 7 40 0 6
204700000 6 40 0 6
204800000 6 40 0 6
204900000 7 40 0 6
205000000 6 40 0 6
205100000 7 40 0 6
205200000 6 40 0 6
205300000 7 40 0 6
205400000 6 40 0 6
205500000 7 40 0 6
205600000 7 40 0 6
205700000 8 40 0 6
205800000 7 40 0 6
205900000 6 40 0 6
206000000 7 40 0 6
206100000 6 40 0 6
206200000 6 40 0 6
206300000 7 40 0 6
206400000 7 40 -1 6
206500000 8 40 1 6
206600000 6 40 0 6
206700000 7 40 0 6
206800000 6 40 0 6
206900000 7 40 0 6
207000000 6 40 0 6
207100000 6 40 0 6
207200000 6 40 -1 6
207300000 6 40 -1 6
207400000 6 40 -1 6
207500000 6 40 0 6
207600000 6 40 0 6
207700000 8 40 1 6
207800000 6 40 0 6
207900000 6 40 0 6
208000000 7 40 0 6
208100000 6 40 0 6
208200000 6 40 0 6
208300000 6 40 -1 6
208400000 7 40 0 6
208500000 6 40 0 6
208600000 6 40 0 6
208700000 7 40 0 6
208800000 6 40 0 6
208900000 6 40 0 6
209000000 7 40 0 6
209100000 6 40 0 6
209200000 6 40 0 6
209300000 6 40 0 6
209400000 6 40 0 6
209500000 6 40 0 6
209600000 6 40 0 6
209700000 6 40 0 6
209800000 6 40 0 6
209900000 6 40 0 6
210000000 6 40 0 6
210100000 6 40 0 6
210200000 6 40 0 6
210300000 6 40 0 6
210400000 7 40 1 6
210500000 6 40 0 6
210600000 6 40 0 6
210700000 7 40 0 6
210800000 7 40 1 6
210900000 6 40 0 5
211000000 6 40 1 5
211100000 6 40 0 5
211200000 7 40 0 5
211300000 6 40 0 5
211400000 6 40 0 5
211500000 7 40 0 5
211600000 6 40 0 5
211700000 7 40 0 5
211800000 6 40 0 5
211900000 7 40 1 5
212000000 6 40 0 5
212100000 5 40 0 5
212200000 6 40 0 4
212300000 5 40 0 4
212400000 5 40 1 3
212500000 5 40 0 3
212600000 4 40 0 3
212700000 5 40 1 3
212800000 4 40 0 3
212900000 5 40 0 3
213000000 5 40 0 3
213100000 3 40 0 3
213200000 4 40 0 3
213300000 4 40 1 3
213400000 3 40 0 3
213500000 4 40 0 3
213600000 5 40 0 3
213700000 6 40 1 3
213800000 5 40 0 3
213900000 5 40 0 3
214000000 6 40 0 3
214100000 4 40 0 3
214200000 4 40 0 3
214300000 4 40 0 3
214400000 4 40 0 3
214500000 5 40 0 3
214600000 4 40 0 3
214700000 4 40 0 3
214800000 5 40 0 3
214900000 4 40 0 3
215000000 4 40 -1 3
215100000 5 40 0 3
215200000 5 40 1 3
215300000 5 40 0 3
215400000 4 40 0 3
215500000 5 40 0 3
215600000 4 40 -1 3
215700000 5 40 0 3
215800000 5 40 0 3
215900000 4 40 0 3
216000000 6 40 0 3
216100000 5 40 1 3
216200000 5 40 0 3
216300000 6 40 0 3
216400000 6 40 0 3
216500000 6 40 0 3
216600000 5 40 -1 3
216700000 4 40 0 3
216800000 5 40 0 3
216900000 5 40 0 3
217000000 3 40 1 2
217100000 3 40 0 2
217200000 3 40 0 2
217300000 3 40 0 2
217400000 3 40 0 2
217500000 2 40 -1 2
217600000 3 40 0 2
217700000 3 40 1 2
217800000 2 40 -1 2
217900000 3 40 0 2
218000000 3 40 0 2
218100000 3 40 0 2
218200000 3 40 0 2
218300000 4 40 0 2
218400000 3 40 0 2
218500000 4 40 0 2
218600000 4 40 0 2
218700000 4 40 0 2
218800000 4 40 0 2
218900000 3 40 0 2
219000000 3 40 0 2
219100000 3 40 0 2
219200000 3 40 -1 2
219300000 2 40 0 2
219400000 3 40 0 2
219500000 2 40 0 2
219600000 3 40 0 2
219700000 2 40 0 2
219800000 3 40 0 2
219900000 3 40 0 2
220000000 3 40 0 2
220100000 3 40 0 2
220200000 4 40 0 2
220300000 5 40 0 2
220400000 3 40 0 2
220500000 3 40 0 2
220600000 3 40 0 2
220700000 2 40 0 2
220800000 4 40 0 2
220900000 3 40 0 2
221000000 3 40 0 2
221100000 3 40 0 2
221200000 3 40 0 2
221300000 3 40 1 2
221400000 2 40 0 2
221500000 3 40 0 2
221600000 2 40 -1 2
221700000 4 40 0 2
221800000 2 40 0 2
221900000 4 40 0 2
222000000 4 40 0 2
222100000 2 40 -1 2
222200000 3 40 0 2
222300000 3 40 0 2
222400000 3 40 0 2
222500000 2 40 -1 2
222600000 2 40 -1 2
222700000 4 40 0 2
222800000 4 40 0 2
222900000 3 40 1 2
223000000 3 40 0 2
223100000 3 40 0 2
223200000 3 40 0 2
223300000 3 40 0 2
223400000 2 40 -1 2
223500000 3 40 -1 2
223600000 3 40 0 2
223700000 2 40 0 2
223800000 3 40 0 2
223900000 5 40 0 2
224000000 3 40 -1 2
224100000 3 40 1 2
224200000 5 40 0 2
224300000 3 40 1 2
224400000 3 40 1 2
224500000 3 40 0 2
224600000 2 40 0 2
224700000 2 40 0 2
224800000 3 40 -1 2
224900000 3 40 0 2
225000000 3 40 0 2
225100000 3 40 0 2
225200000 3 40 0 2
225300000 3 40 0 2
225400000 3 40 0 2
225500000 2 40 0 2
225600000 2 40 0 2
225700000 3 40 0 2
225800000 4 40 1 2
225900000 3 40 0 2
226000000 2 40 0 2
226100000 3 40 0 2
226200000 4 40 0 2
226300000 2 40 0 2
226400000 3 40 0 2
226500000 3 40 0 2
226600000 3 40 0 2
226700000 4 40 0 2
226800000 3 40 0 2
226900000 3 40 1 2
227000000 2 40 -1 2
227100000 3 40 -1 2
227200000 2 40 0 2
227300000 4 40 0 2
227400000 3 40 0 2
227500000 3 40 1 2
227600000 3 40 0 2
227700000 3 40 0 2
227800000 5 40 0 2
227900000 3 40 0 2
228000000 4 40 0 2
228100000 3 40 0 2
228200000 3 40 1 2
228300000 3 40 0 2
228400000 3 40 0 2
228500000 3 40 1 2
228600000 4 40 0 2
228700000 3 40 0 2
228800000 3 40 -1 2
228900000 2 40 0 2
229000000 2 40 0 2
229100000 3 40 0 2
229200000 5 40 1 2
229300000 4 40 1 2
229400000 3 40 0 2
229500000 2 40 0 2
229600000 3 40 0 2
229700000 2 40 0 2
229800000 3 40 1 2
229900000 5 40 1 2
230000000 4 40 0 2
230100000 3 40 0 2
230200000 3 40 0 2
230300000 3 40 0 2
230400000 3 40 0 2
230500000 4 40 1 2
230600000 3 40 0 2
230700000 6 40 0 2
230800000 3 40 -1 2
230900000 4 40 0 2
231000000 4 40 0 2
231100000 4 40 0 2
231200000 3 40 0 2
231300000 5 40 0 2
231400000 5 40 0 2
231500000 3 40 -1 2
231600000 6 40 0 2
231700000 6 40 0 2
231800000 6 40 0 2
231900000 5 40 0 2
232000000 5 40 0 2
232100000 4 40 0 2
232200000 4 40 0 2
232300000 6 40 0 2
232400000 5 40 0 2
232500000 7 40 0 2
232600000 4 40 0 2
232700000 5 40 0 2
232800000 5 40 0 2
232900000 5 40 0 2
233000000 4 40 0 2
233100000 4 40 0 2
233200000 4 40 0 2
233300000 4 40 0 2
233400000 5 40 0 2
233500000 4 40 0 2
233600000 4 40 0 2
233700000 6 40 0 2
233800000 4 40 0 2
233900000 4 40 1 2
234000000 3 40 0 2
234100000 4 40 0 2
234200000 3 40 0 2
234300000 4 40 1 2
234400000 5 40 0 2
234500000 4 40 1 2
234600000 4 40 1 2
234700000 4 40 0 2
234800000 4 40 0 2
234900000 5 40 1 2
235000000 4 40 0 2
235100000 4 40 1 2
235200000 4 40 1 2
235300000 3 40 -1 2
235400000 4 40 0 2
235500000 4 40 0 2
235600000 3 40 1 2
235700000 3 40 1 2
235800000 2 40 0 2
235900000 3 40 0 2
236000000 2 40 0 2
236100000 3 40 1 2
236200000 3 40 0 2
236300000 3 40 0 2
236400000 3 40 0 2
236500000 3 40 1 2
236600000 3 40 0 2
236700000 2 40 0 2
236800000 4 40 0 2
236900000 2 40 -1 2
237000000 2 40 -1 2
237100000 4 40 0 2
237200000 2 40 0 2
237300000 3 40 0 2
237400000 3 40 1 2
237500000 2 40 0 2
237600000 2 40 -1 2
237700000 3 40 0 2
237800000 2 40 0 2
237900000 4 40 0 2
238000000 3 40 0 2
238100000 3 40 0 2
238200000 4 40 0 2
238300000 4 40 1 2
238400000 4 40 0 2
238500000 2 40 -1 2
238600000 2 40 0 2
238700000 2 40 0 2
238800000 3 40 0 2
238900000 3 40 0 2
239000000 3 40 0 2
239100000 2 40 0 2
239200000 4 40 0 2
239300000 3 40 0 2
239400000 2 40 0 2
239500000 2 40 0 2
239600000 3 40 0 2
239700000 2 40 0 2
239800000 4 40 1 2
239900000 4 40 0 2
240000000 3 40 0 2
240100000 4 40 0 2
240200000 2 40 -1 2
240300000 3 40 1 2
240400000 3 40 0 2
240500000 3 40 0 2
240600000 3 40 0 2
240700000 2 40 0 2
240800000 2 40 0 2
240900000 4 40 0 2
241000000 3 40 0 2
241100000 2 40 -1 2
241200000 3 40 0 2
241300000 3 40 1 2
241400000 2 40 0 2
241500000 2 40 -1 2
241600000 3 40 0 2
241700000 5 40 0 2
241800000 3 40 0 2
241900000 3 40 0 2
242000000 3 40 0 2
242100000 3 40 0 2
242200000 3 40 0 2
242300000 3 40 0 2
242400000 2 40 0 2
242500000 3 40 0 2
242600000 3 40 1 2
242700000 2 40 0 2
242800000 4 40 0 2
242900000 2 40 0 2
243000000 3 40 0 2
243100000 3 40 0 2
243200000 2 40 -1 2
243300000 3 40 0 2
243400000 3 40 0 2
243500000 2 40 0 2
243600000 3 40 0 2
243700000 3 40 0 2
243800000 2 40 0 2
243900000 4 40 0 2
244000000 3 40 0 2
244100000 3 40 0 2
244200000 3 40 1 2
244300000 2 40 0 2
244400000 2 40 0 2
244500000 3 40 1 2
244600000 3 40 0 2
244700000 3 40 -1 2
244800000 3 40 0 2
244900000 3 40 0 2
245000000 3 40 0 2
245100000 3 40 0 2
245200000 2 40 -1 2
245300000 2 40 0 2
245400000 3 40 0 2
245500000 3 40 0 2
245600000 3 40 1 2
245700000 4 40 0 2
245800000 3 40 0 2
245900000 2 40 -1 2
246000000 3 40 0 2
246100000 2 40 -1 2
246200000 4 40 0 2
246300000 4 40 0 2
246400000 3 40 -1 2
246500000 3 40 0 2
246600000 2 40 0 2
246700000 5 40 1 2
246800000 3 40 0 2
246900000 3 40 0 2
247000000 3 40 0 2
247100000 3 40 0 2
247200000 3 40 0 2
247300000 3 40 0 2
247400000 3 40 0 2
247500000 3 40 0 2
247600000 2 40 0 2
247700000 3 40 0 2
247800000 2 40 0 2
247900000 3 40 1 2
248000000 2 40 0 2
248100000 3 40 0 2
248200000 2 40 -1 2
248300000 2 40 0 2
248400000 3 40 0 2
248500000 3 40 1 2
248600000 2 40 -1 2
248700000 3 40 0 2
248800000 3 40 0 2
248900000 3 40 0 2
249000000 3 40 0 2
249100000 2 40 0 2
249200000 2 40 0 2
249300000 3 40 1 2
249400000 3 40 0 2
249500000 2 40 0 2
249600000 3 40 0 2
249700000 4 40 1 2
249800000 3 40 0 2
249900000 2 40 0 2
250000000 2 40 -1 2
250100000 2 40 -1 2
250200000 3 40 0 2
250300000 3 40 0 2
250400000 2 40 0 2
250500000 3 40 0 2
250600000 3 40 0 2
250700000 4 40 1 2
250800000 4 40 0 2
250900000 2 40 -1 2
251000000 4 40 0 2
251100000 3 40 0 2
251200000 2 40 0 2
251300000 4 40 -1 2
251400000 3 40 0 2
251500000 3 40 1 2
251600000 3 40 0 2
251700000 3 40 0 2
251800000 2 40 0 2
251900000 3 40 0 2
252000000 4 40 0 2
252100000 3 40 0 2
252200000 3 40 1 2
252300000 4 40 1 2
252400000 3 40 0 2
252500000 3 40 0 2
252600000 3 40 1 2
252700000 3 40 0 2
252800000 2 40 -1 2
252900000 3 40 0 2
253000000 2 40 -1 2
253100000 4 40 0 2
253200000 3 40 0 2
253300000 3 40 1 2
253400000 2 40 -1 2
253500000 3 40 1 2
253600000 3 40 0 2
253700000 3 40 0 2
253800000 3 40 0 2
253900000 3 40 0 2
254000000 2 40 0 2
254100000 3 40 0 2
254200000 3 40 0 2
254300000 3 40 1 2
254400000 4 40 -1 2
254500000 3 40 0 2
254600000 3 40 0 2
254700000 3 40 0 2
254800000 3 40 1 2
254900000 2 40 -1 2
255000000 3 40 0 2
255100000 3 40 0 2
255200000 2 40 -1 2
255300000 4 40 0 2
255400000 4 40 0 2
255500000 2 40 0 2
255600000 2 40 -1 2
255700000 2 40 -1 2
255800000 3 40 0 2
255900000 4 40 1 2
256000000 3 40 0 2
256100000 4 40 0 2
256200000 4 40 0 2
256300000 4 40 0 2
256400000 4 40 0 2
256500000 4 40 0 2
256600000 4 40 0 2
256700000 4 40 0 2
256800000 4 40 0 2
256900000 5 40 0 2
257000000 3 40 0 2
257100000 3 40 0 2
257200000 3 40 0 2
257300000 2 40 0 2
257400000 3 40 1 2
257500000 3 40 0 2
257600000 2 40 0 2
257700000 3 40 0 2
257800000 2 40 -1 2
257900000 2 40 -1 2
258000000 2 40 0 2
258100000 2 40 -1 2
258200000 2 40 0 2
258300000 3 40 0 2
258400000 2 40 -1 2
258500000 2 40 0 2
258600000 3 40 0 2
258700000 3 40 0 2
258800000 3 40 0 2
258900000 2 40 0 2
259000000 2 40 0 2
259100000 2 40 0 2
259200000 3 40 0 2
259300000 3 40 0 2
259400000 2 40 -1 2
259500000 2 40 0 2
259600000 3 40 0 2
259700000 3 40 0 2
259800000 3 40 0 2
259900000 2 40 0 2
260000000 3 40 0 2
260100000 5 40 0 2
260200000 3 40 0 2
260300000 2 40 -1 2
260400000 3 40 0 2
260500000 4 40 0 2
260600000 2 40 0 2
260700000 2 40 0 2
260800000 2 40 -1 2
260900000 3 40 0 2
261000000 2 40 0 2
261100000 2 40 0 2
261200000 2 40 0 2
261300000 3 40 1 2
261400000 3 40 1 2
261500000 3 40 1 2
261600000 3 40 0 2
261700000 2 40 0 2
261800000 2 40 0 2
261900000 3 40 0 2
262000000 2 40 -1 2
262100000 3 40 0 2
262200000 2 40 0 2
262300000 2 40 -1 2
262400000 4 40 0 2
262500000 3 40 0 2
262600000 2 40 0 2
262700000 2 40 0 2
262800000 3 40 1 2
262900000 2 40 -1 2
263000000 3 40 1 2
263100000 2 40 0 2
263200000 3 40 0 2
263300000 3 40 0 2
263400000 6 40 0 2
263500000 3 40 1 2
263600000 3 40 0 2
263700000 2 40 -1 2
263800000 3 40 1 2
263900000 2 40 0 2
264000000 3 40 0 2
264100000 3 40 0 2
264200000 3 40 1 2
264300000 3 40 0 2
264400000 2 40 0 2
264500000 3 40 0 2
264600000 2 40 0 2
264700000 3 40 0 2
264800000 3 40 0 2
264900000 2 40 0 2
265000000 2 40 0 2
265100000 3 40 0 2
265200000 2 40 0 2
265300000 2 40 0 2
265400000 4 40 0 2
265500000 3 40 0 2
265600000 2 40 0 2
265700000 3 40 0 2
265800000 2 40 -1 2
265900000 2 40 0 2
266000000 2 40 0 2
266100000 3 40 0 2
266200000 3 40 0 2
266300000 2 40 0 2
266400000 2 40 0 2
266500000 2 40 -1 2
266600000 3 40 0 2
266700000 3 40 0 2
266800000 2 40 -1 2
266900000 3 40 1 2
267000000 2 40 0 2
267100000 4 40 0 2
267200000 2 40 -1 2
267300000 3 40 1 2
267400000 3 40 0 2
267500000 3 40 0 2
267600000 3 40 0 2
267700000 3 40 0 2
267800000 3 40 0 2
267900000 3 40 0 2
268000000 3 40 0 2
268100000 3 40 0 2
268200000 4 40 0 2
268300000 3 40 0 2
268400000 4 40 0 2
268500000 4 40 0 2
268600000 3 40 0 2
268700000 3 40 0 2
268800000 3 40 1 2
268900000 3 40 0 2
269000000 3 40 -1 2
269100000 3 40 0 2
269200000 3 40 0 2
269300000 3 40 0 2
269400000 4 40 0 2
269500000 2 40 0 2
269600000 3 40 1 2
269700000 3 40 0 2
269800000 3 40 1 2
269900000 2 40 -1 2
270000000 3 40 0 2
270100000 2 40 0 2
270200000 2 40 0 2
270300000 3 40 0 2
270400000 2 40 0 2
270500000 2 40 -1 2
270600000 3 40 1 2
270700000 2 40 -1 2
270800000 3 40 -1 2
270900000 3 40 1 2
271000000 3 40 0 2
271100000 3 40 0 2
271200000 3 40 0 2
271300000 3 40 0 2
271400000 3 40 1 2
271500000 2 40 0 2
271600000 3 40 0 2
271700000 2 40 0 2
271800000 2 40 0 2
271900000 4 40 0 2
272000000 3 40 0 2
272100000 4 40 0 2
272200000 3 40 1 2
272300000 3 40 0 2
272400000 3 40 0 2
272500000 3 40 1 2
272600000 3 40 0 2
272700000 2 40 0 2
272800000 3 40 0 2
272900000 2 40 0 2
273000000 3 40 0 2
273100000 3 40 1 2
273200000 2 40 0 2
273300000 3 40 0 2
273400000 3 40 0 2
273500000 3 40 1 2
273600000 3 40 0 2
273700000 3 40 0 2
273800000 3 40 0 2
273900000 2 40 0 2
274000000 3 40 0 2
274100000 3 40 0 2
274200000 3 40 0 2
274300000 3 40 0 2
274400000 3 40 0 2
274500000 3 40 0 2
274600000 3 40 0 2
274700000 3 40 0 2
274800000 2 40 -1 2
274900000 3 40 0 2
275000000 3 40 1 2
275100000 3 40 0 2
275200000 3 40 0 2
275300000 3 40 0 2
275400000 2 40 0 2
275500000 4 40 0 2
275600000 3 40 0 2
275700000 3 40 1 2
275800000 2 40 -1 2
275900000 2 40 0 2
276000000 2 40 0 2
276100000 3 40 0 2
276200000 3 40 0 2
276300000 3 40 0 2
276400000 2 40 0 2
276500000 3 40 0 2
276600000 2 40 0 2
276700000 3 40 -1 2
276800000 3 40 1 2
276900000 4 40 1 2
277000000 3 40 0 2
277100000 2 40 -1 2
277200000 3 40 0 2
277300000 3 40 0 2
277400000 3 40 1 2
277500000 2 40 -1 2
277600000 4 40 0 2
277700000 3 40 0 2
277800000 4 40 0 2
277900000 4 40 0 2
278000000 3 40 0 2
278100000 3 40 1 2
278200000 2 40 -1 2
278300000 3 40 0 2
278400000 2 40 -1 2
278500000 3 40 0 2
278600000 3 40 0 2
278700000 2 40 0 2
278800000 3 40 1 2
278900000 2 40 0 2
279000000 3 40 0 2
279100000 3 40 0 2
279200000 2 40 -1 2
279300000 2 40 0 2
279400000 2 40 0 2
279500000 3 40 1 2
279600000 3 40 0 2
279700000 3 40 0 2
279800000 2 40 -1 2
279900000 3 40 0 2
280000000 3 40 0 2
280100000 3 40 0 2
280200000 2 40 0 2
280300000 4 40 0 2
280400000 3 40 0 2
280500000 5 40 0 2
280600000 3 40 0 2
280700000 5 40 0 2
280800000 4 40 0 2
280900000 5 40 0 2
281000000 6 40 0 2
281100000 5 40 0 2
281200000 3 40 1 2
281300000 2 40 0 2
281400000 2 40 -1 2
281500000 4 40 1 2
281600000 2 40 -1 2
281700000 4 40 0 2
281800000 4 40 0 2
281900000 3 40 -1 2
282000000 3 40 1 2
282100000 3 40 1 2
282200000 3 40 0 2
282300000 3 40 0 2
282400000 2 40 0 2
282500000 3 40 1 2
282600000 2 40 0 2
282700000 2 40 0 2
282800000 3 40 1 2
282900000 3 40 0 2
283000000 4 40 0 2
283100000 4 40 0 2
283200000 3 40 0 2
283300000 3 40 0 2
283400000 3 40 1 2
283500000 2 40 -1 2
283600000 3 40 0 2
283700000 2 40 0 2
283800000 3 40 0 2
283900000 3 40 1 2
284000000 3 40 0 2
284100000 4 40 0 2
284200000 2 40 -1 2
284300000 3 40 1 2
284400000 2 40 -1 2
284500000 5 40 0 2
284600000 3 40 1 2
284700000 3 40 0 2
284800000 3 40 0 2
284900000 3 40 0 2
285000000 3 40 0 2
285100000 3 40 1 2
285200000 4 40 0 2
285300000 3 40 1 2
285400000 3 40 0 2
285500000 3 40 0 2
285600000 3 40 1 2
285700000 2 40 0 2
285800000 2 40 -1 2
285900000 3 40 0 2
286000000 2 40 0 2
286100000 3 40 0 2
286200000 4 40 0 2
286300000 2 40 0 2
286400000 3 40 -1 2
286500000 3 40 0 2
286600000 3 40 1 2
286700000 3 40 0 2
286800000 3 40 0 2
286900000 3 40 0 2
287000000 3 40 0 2
287100000 4 40 0 2
287200000 4 40 0 2
287300000 3 40 0 2
287400000 3 40 0 2
287500000 3 40 0 2
287600000 3 40 -1 2
287700000 3 40 -1 2
287800000 4 40 0 2
287900000 3 40 1 2
288000000 3 40 0 2
288100000 3 40 0 2
288200000 3 40 0 2
288300000 3 40 0 2
288400000 2 40 -1 2
288500000 2 40 -1 2
288600000 4 40 0 2
288700000 3 40 0 2
288800000 3 40 0 2
288900000 2 40 0 2
289000000 3 40 1 2
289100000 2 40 0 2
289200000 4 40 0 2
289300000 3 40 -1 2
289400000 3 40 0 2
289500000 2 40 -1 2
289600000 3 40 0 2
289700000 3 40 0 2
289800000 3 40 0 2
289900000 3 40 0 2
290000000 3 40 0 2
290100000 4 40 0 2
290200000 4 40 0 2
290300000 4 40 0 2
290400000 4 40 0 2
290500000 4 40 0 2
290600000 4 40 0 2
290700000 3 40 0 2
290800000 4 40 0 2
290900000 3 40 0 2
291000000 2 40 -1 2
291100000 3 40 0 2
291200000 2 40 -1 2
291300000 4 40 1 2
291400000 3 40 0 2
291500000 3 40 0 2
291600000 3 40 0 2
291700000 3 40 0 2
291800000 3 40 0 2
291900000 2 40 0 2
292000000 2 40 -1 2
292100000 4 40 0 2
292200000 2 40 -1 2
292300000 3 40 0 2
292400000 2 40 -1 2
292500000 3 40 0 2
292600000 3 40 0 2
292700000 3 40 0 2
292800000 2 40 0 2
292900000 3 40 1 2
293000000 3 40 0 2
293100000 2 40 0 2
293200000 2 40 0 2
293300000 2 40 -1 2
293400000 3 40 0 2
293500000 3 40 0 2
293600000 4 40 0 2
293700000 3 40 0 2
293800000 3 40 -1 2
293900000 3 40 1 2
294000000 4 40 0 2
294100000 4 40 0 2
294200000 3 40 0 2
294300000 3 40 0 2
294400000 2 40 0 2
294500000 2 40 0 2
294600000 3 40 0 2
294700000 2 40 -1 2
294800000 2 40 0 2
294900000 2 40 0 2
295000000 2 40 0 2
295100000 3 40 0 2
295200000 3 40 0 2
295300000 2 40 0 2
295400000 4 40 0 2
295500000 3 40 0 2
295600000 2 40 -2 2
295700000 2 40 0 2
295800000 3 40 0 2
295900000 3 40 1 2
296000000 2 40 0 2
296100000 4 40 0 2
296200000 2 40 -1 2
296300000 3 40 0 2
296400000 2 40 -1 2
296500000 3 40 1 2
296600000 3 40 0 2
296700000 3 40 0 2
296800000 3 40 0 2
296900000 3 40 0 2
297000000 2 40 -1 2
297100000 2 40 0 2
297200000 3 40 0 2
297300000 2 40 0 2
297400000 2 40 -1 2
297500000 3 40 0 2
297600000 4 40 0 2
297700000 3 40 0 2
297800000 3 40 1 2
297900000 5 40 0 2
298000000 3 40 0 2
298100000 3 40 0 2
298200000 3 40 0 2
298300000 3 40 0 2
298400000 3 40 0 2
298500000 3 40 0 2
298600000 3 40 -1 2
298700000 2 40 0 2
298800000 2 40 0 2
298900000 2 40 0 2
299000000 4 40 1 2
299100000 2 40 -1 2
299200000 3 40 0 2
299300000 3 40 0 2
299400000 3 40 0 2
299500000 2 40 0 2
299600000 3 40 1 2
299700000 2 40 -1 2
299800000 3 40 0 2
299900000 3 40 0 2
300000000 4 40 1 2
300100000 3 40 0 2
300200000 2 40 0 2
300300000 3 40 0 2
300400000 2 40 0 2
300500000 2 40 -1 2
300600000 3 40 1 2
300700000 2 40 0 2
300800000 2 40 0 2
300900000 3 40 0 2
301000000 3 40 1 2
301100000 3 40 0 2
301200000 3 40 0 2
301300000 2 40 0 2
301400000 4 40 0 2
301500000 5 40 0 2
301600000 4 40 1 2
301700000 4 40 0 2
301800000 3 40 1 2
301900000 3 40 -1 2
302000000 5 40 0 2
302100000 5 40 0 2
302200000 4 40 1 2
302300000 4 40 0 2
302400000 3 40 -1 2
302500000 3 40 0 2
302600000 3 40 -1 2
302700000 3 40 0 2
302800000 3 40 0 2
302900000 3 40 -1 2
303000000 3 40 0 2
303100000 3 40 0 2
303200000 4 40 0 2
303300000 3 40 -1 2
303400000 3 40 1 2
303500000 3 40 1 2
303600000 3 40 1 2
303700000 3 40 -1 2
303800000 3 40 0 2
303900000 3 40 1 2
304000000 3 40 0 2
304100000 2 40 0 2
304200000 4 40 0 2
304300000 3 40 0 2
304400000 4 40 0 2
304500000 2 40 0 2
304600000 3 40 0 2
304700000 3 40 0 2
304800000 3 40 0 2
304900000 2 40 -1 2
305000000 3 40 0 2
305100000 2 40 -1 2
305200000 3 40 0 2
305300000 3 40 1 2
305400000 2 40 -1 2
305500000 3 40 0 2
305600000 2 40 -1 2
305700000 2 40 0 2
305800000 3 40 0 2
305900000 2 40 0 2
306000000 3 40 0 2
306100000 3 40 1 2
306200000 2 40 0 2
306300000 2 40 -1 2
306400000 2 40 0 2
306500000 3 40 0 2
306600000 2 40 0 2
306700000 3 40 0 2
306800000 3 40 0 2
306900000 3 40 0 2
307000000 3 40 0 2
307100000 3 40 1 2
307200000 3 40 0 2
307300000 3 40 0 2
307400000 2 40 -1 2
307500000 3 40 0 2
307600000 4 40 0 2
307700000 3 40 0 2
307800000 3 40 0 2
307900000 4 40 1 2
308000000 4 40 0 2
308100000 2 40 -1 2
308200000 2 40 0 2
308300000 3 40 0 2
308400000 2 40 0 2
308500000 3 40 0 2
308600000 3 40 0 2
308700000 3 40 0 2
308800000 3 40 0 2
308900000 3 40 0 2
309000000 3 40 0 2
309100000 3 40 0 2
309200000 3 40 0 2
309300000 3 40 0 2
309400000 3 40 0 2
309500000 3 40 0 2
309600000 4 40 0 2
309700000 3 40 0 2
309800000 3 40 0 2
309900000 2 40 0 2
310000000 2 40 -1 2
310100000 2 40 0 2
310200000 3 40 0 2
310300000 4 40 0 2
310400000 2 40 -1 2
310500000 3 40 0 2
310600000 4 40 0 2
310700000 3 40 0 2
310800000 2 40 -1 2
310900000 3 40 0 2
311000000 2 40 -1 2
311100000 3 40 1 2
311200000 3 40 0 2
311300000 3 40 1 2
311400000 3 40 0 2
311500000 3 40 0 2
311600000 3 40 0 2
311700000 2 40 0 2
311800000 3 40 1 2
311900000 2 40 0 2
312000000 3 40 0 2
312100000 3 40 0 2
312200000 2 40 -1 2
312300000 3 40 0 2
312400000 3 40 0 2
312500000 3 40 0 2
312600000 4 40 0 2
312700000 3 40 0 2
312800000 3 40 0 2
312900000 4 40 0 2
313000000 3 40 0 2
313100000 3 40 0 2
313200000 2 40 -1 2
313300000 3 40 0 2
313400000 3 40 1 2
313500000 4 40 0 2
313600000 2 40 0 2
313700000 2 40 0 2
313800000 3 40 0 2
313900000 4 40 0 2
314000000 3 40 0 2
314100000 2 40 0 2
314200000 3 40 0 2
314300000 4 40 1 2
314400000 2 40 0 2
314500000 3 40 0 2
314600000 3 40 0 2
314700000 3 40 0 2
314800000 2 40 -1 2
314900000 3 40 0 2
315000000 3 40 1 2
315100000 3 40 0 2
315200000 3 40 1 2
315300000 4 40 0 2
315400000 3 40 0 2
315500000 4 40 0 2
315600000 3 40 0 2
315700000 3 40 -1 2
315800000 3 40 0 2
315900000 4 40 0 2
316000000 3 40 0 2
316100000 3 40 0 2
316200000 2 40 0 2
316300000 2 40 0 2
316400000 3 40 0 2
316500000 4 40 1 2
316600000 3 40 1 2
316700000 3 40 1 2
316800000 4 40 1 2
316900000 3 40 0 2
317000000 4 40 0 2
317100000 3 40 0 2
317200000 4 40 0 2
317300000 3 40 0 2
317400000 2 40 0 2
317500000 3 40 0 2
317600000 3 40 0 2
317700000 2 40 0 2
317800000 3 40 0 2
317900000 2 40 -1 2
318000000 3 40 0 2
318100000 3 40 0 2
318200000 3 40 0 2
318300000 2 40 0 2
318400000 3 40 0 2
318500000 2 40 0 2
318600000 2 40 -1 2
318700000 3 40 -1 2
318800000 3 40 0 2
318900000 4 40 0 2
319000000 3 40 0 2
319100000 4 40 0 2
319200000 2 40 0 2
319300000 3 40 0 2
319400000 4 40 0 2
319500000 2 40 0 2
319600000 5 40 0 2
319700000 5 40 0 2
319800000 5 40 0 2
319900000 3 40 0 2
320000000 3 40 0 2
320100000 4 40 0 2
320200000 4 40 0 2
320300000 4 40 0 2
320400000 4 40 0 2
320500000 5 40 0 2
320600000 4 40 1 2
320700000 4 40 1 2
320800000 3 40 1 2
320900000 3 40 0 2
321000000 2 40 -1 2
321100000 4 40 0 2
321200000 2 40 0 2
321300000 3 40 0 2
321400000 3 40 0 2
321500000 2 40 0 2
321600000 3 40 0 2
321700000 2 40 0 2
321800000 2 40 -1 2
321900000 2 40 0 2
322000000 3 40 0 2
322100000 2 40 0 2
322200000 2 40 0 2
322300000 3 40 0 2
322400000 3 40 0 2
322500000 2 40 0 2
322600000 3 40 1 2
322700000 4 40 1 2
322800000 3 40 0 2
322900000 3 40 0 2
323000000 3 40 0 2
323100000 3 40 0 2
323200000 3 40 0 2
323300000 4 40 1 2
323400000 3 40 0 2
323500000 2 40 -1 2
323600000 2 40 0 2
323700000 3 40 0 2
323800000 3 40 0 2
323900000 3 40 0 2
324000000 2 40 0 2
324100000 3 40 0 2
324200000 2 40 -1 2
324300000 2 40 0 2
324400000 3 40 0 2
324500000 4 40 1 2
324600000 3 40 0 2
324700000 3 40 0 2
324800000 2 40 0 2
324900000 2 40 -1 2
325000000 4 40 0 2
325100000 4 40 0 2
325200000 3 40 0 2
325300000 3 40 0 2
325400000 2 40 -1 2
325500000 4 40 0 2
325600000 2 40 0 2
325700000 3 40 0 2
325800000 3 40 1 2
325900000 2 40 0 2
326000000 2 40 0 2
326100000 3 40 1 2
326200000 3 40 0 2
326300000 3 40 1 2
326400000 2 40 -1 2
326500000 3 40 0 2
326600000 4 40 0 2
326700000 3 40 0 2
326800000 4 40 -1 2
326900000 3 40 0 2
327000000 3 40 1 2
327100000 4 40 0 2
327200000 2 40 0 2
327300000 2 40 0 2
327400000 6 40 0 2
327500000 5 40 0 2
327600000 3 40 0 2
327700000 4 40 0 2
327800000 4 40 0 2
327900000 5 40 0 2
328000000 5 40 0 2
328100000 4 40 0 2
328200000 3 40 0 2
328300000 4 40 0 2
328400000 3 40 0 2
328500000 4 40 1 2
328600000 4 40 1 2
328700000 3 40 0 2
328800000 3 40 0 2
328900000 4 40 0 2
329000000 4 40 0 2
329100000 4 40 0 2
329200000 4 40 1 2
329300000 3 40 1 2
329400000 3 40 0 2
329500000 3 40 0 2
329600000 4 40 0 2
329700000 3 40 1 2
329800000 3 40 0 2
329900000 3 40 0 2
330000000 3 40 0 2
330100000 3 40 0 2
330200000 3 40 0 2
330300000 4 40 0 2
330400000 4 40 0 2
330500000 2 40 -1 2
330600000 3 40 0 2
330700000 2 40 -1 2
330800000 4 40 0 2
330900000 3 40 0 2
331000000 5 40 0 2
331100000 2 40 0 2
331200000 2 40 -1 2
331300000 3 40 0 2
331400000 3 40 0 2
331500000 3 40 0 2
331600000 4 40 1 2
331700000 3 40 0 2
331800000 2 40 0 2
331900000 2 40 0 2
332000000 5 40 0 2
332100000 2 40 -1 2
332200000 5 40 1 2
332300000 2 40 -1 2
332400000 4 40 0 2
332500000 2 40 -1 2
332600000 2 40 0 2
332700000 3 40 0 2
332800000 3 40 0 2
332900000 3 40 0 2
333000000 2 40 0 2
333100000 2 40 -1 2
333200000 3 40 0 2
333300000 3 40 1 2
333400000 3 40 0 2
333500000 2 40 0 2
333600000 2 40 -1 2
333700000 2 40 -1 2
333800000 2 40 0 2
333900000 3 40 0 2
334000000 5 40 1 2
334100000 3 40 0 2
334200000 2 40 -1 2
334300000 3 40 0 2
334400000 3 40 0 2
334500000 2 40 0 2
334600000 3 40 1 2
334700000 2 40 0 2
334800000 3 40 0 2
334900000 2 40 -1 2
335000000 3 40 0 2
335100000 3 40 1 2
335200000 3 40 -1 2
335300000 2 40 -1 2
335400000 2 40 0 2
335500000 3 40 0 2
335600000 3 40 0 2
335700000 2 40 0 2
335800000 3 40 0 2
335900000 3 40 0 2
336000000 3 40 1 2
336100000 3 40 0 2
336200000 2 40 -1 2
336300000 2 40 -1 2
336400000 2 40 -1 2
336500000 2 40 0 2
336600000 2 40 0 2
336700000 3 40 1 2
336800000 2 40 0 2
336900000 3 40 0 2
337000000 2 40 0 2
337100000 3 40 0 2
337200000 2 40 0 2
337300000 3 40 0 2
337400000 3 40 0 2
337500000 2 40 0 2
337600000 2 40 0 2
337700000 2 40 -1 2
337800000 3 40 0 2
337900000 4 40 1 2
338000000 4 40 0 2
338100000 3 40 0 2
338200000 3 40 0 2
338300000 4 40 0 2
338400000 2 40 0 2
338500000 3 40 0 2
338600000 4 40 0 2
338700000 6 40 0 2
338800000 5 40 1 2
338900000 5 40 0 2
339000000 5 40 0 2
339100000 4 40 -1 2
339200000 5 40 0 2
339300000 6 40 0 2
339400000 5 40 0 2
339500000 5 40 1 2
339600000 6 40 1 2
339700000 4 40 1 2
339800000 5 40 0 2
339900000 3 40 0 2
340000000 4 40 -1 2
340100000 4 40 0 2
340200000 3 40 0 2
340300000 3 40 0 2
340400000 4 40 1 2
340500000 3 40 0 2
340600000 3 40 0 2
340700000 4 40 0 2
340800000 4 40 0 2
340900000 3 40 0 2
341000000 3 40 0 2
341100000 3 40 0 2
341200000 4 40 0 2
341300000 5 40 0 2
341400000 4 40 0 2
341500000 4 40 0 2
341600000 6 40 0 2
341700000 4 40 0 2
341800000 5 40 0 2
341900000 5 40 0 2
342000000 6 40 0 2
342100000 8 40 1 2
342200000 7 40 0 2
342300000 7 40 0 2
342400000 5 40 0 2
342500000 5 40 0 2
342600000 4 40 0 2
342700000 4 40 0 2
342800000 5 40 0 2
342900000 5 40 0 2
343000000 3 40 -1 2
343100000 4 40 1 2
343200000 4 40 -1 2
343300000 4 40 0 2
343400000 5 40 0 2
343500000 4 40 -1 2
343600000 3 40 0 2
343700000 4 40 0 2
343800000 4 40 0 2
343900000 3 40 0 2
344000000 4 40 0 2
344100000 4 40 -1 2
344200000 4 40 0 2
344300000 4 40 0 2
344400000 4 40 0 2
344500000 4 40 0 2
344600000 4 40 1 2
344700000 5 40 0 2
344800000 4 40 0 2
344900000 4 40 0 2
345000000 4 40 0 2
345100000 4 40 0 2
345200000 4 40 1 2
345300000 3 40 0 2
345400000 4 40 0 2
345500000 4 40 0 2
345600000 4 40 0 2
345700000 4 40 0 2
345800000 3 40 0 2
345900000 4 40 1 2
346000000 3 40 0 2
346100000 3 40 -1 2
346200000 5 40 1 2
346300000 5 40 0 2
346400000 5 40 0 2
346500000 4 40 1 2
346600000 4 40 0 2
346700000 3 40 -1 2
346800000 4 40 0 2
346900000 5 40 0 2
347000000 4 40 0 2
347100000 4 40 0 2
347200000 3 40 0 2
347300000 4 40 0 2
347400000 5 40 0 2
347500000 4 40 0 2
347600000 3 40 0 2
347700000 4 40 0 2
347800000 4 40 0 2
347900000 4 40 0 2
348000000 4 40 0 2
348100000 4 40 0 2
348200000 4 40 0 2
348300000 5 40 0 2
348400000 6 40 0 2
348500000 7 40 0 2
348600000 6 40 0 2
348700000 5 40 0 2
348800000 6 40 0 2
348900000 5 40 0 2
349000000 5 40 0 2
349100000 5 40 0 2
349200000 6 40 0 2
349300000 5 40 0 2
349400000 5 40 0 2
349500000 6 40 0 2
349600000 5 40 -1 2
349700000 5 40 0 2
349800000 5 40 0 2
349900000 6 40 0 2
350000000 5 40 0 2
350100000 5 40 0 2
350200000 5 40 0 2
350300000 4 40 0 2
350400000 5 40 0 2
350500000 5 40 0 2
350600000 2 40 0 2
350700000 3 40 0 2
350800000 2 40 0 2
350900000 4 40 0 2
351000000 2 40 0 2
351100000 3 40 0 2
351200000 3 40 0 2
351300000 2 40 0 2
351400000 2 40 0 2
351500000 3 40 0 2
351600000 3 40 0 2
351700000 2 40 0 2
351800000 3 40 0 2
351900000 3 40 0 2
352000000 3 40 0 2
352100000 3 40 0 2
352200000 4 40 0 2
352300000 7 40 0 2
352400000 5 40 0 2
352500000 4 40 0 2
352600000 3 40 0 2
352700000 2 40 0 2
352800000 3 40 0 2
352900000 3 40 0 2
353000000 3 40 0 2
353100000 2 40 0 2
353200000 2 40 -1 2
353300000 2 40 0 2
353400000 4 40 0 2
353500000 2 40 0 2
353600000 4 40 0 2
353700000 2 40 0 2
353800000 4 40 1 2
353900000 3 40 1 2
354000000 3 40 0 2
354100000 2 40 0 2
354200000 2 40 0 2
354300000 4 40 0 2
354400000 2 40 0 2
354500000 3 40 0 2
354600000 3 40 0 2
354700000 3 40 0 2
354800000 3 40 0 2
354900000 4 40 0 2
355000000 3 40 1 2
355100000 3 40 0 2
355200000 2 40 0 2
355300000 4 40 0 2
355400000 3 40 0 2
355500000 3 40 0 2
355600000 3 40 0 2
355700000 3 40 0 2
355800000 2 40 -1 2
355900000 2 40 0 2
356000000 3 40 0 2
356100000 2 40 -1 2
356200000 2 40 -1 2
356300000 3 40 0 2
356400000 3 40 1 2
356500000 4 40 0 2
356600000 3 40 0 2
356700000 3 40 0 2
356800000 3 40 0 2
356900000 3 40 0 2
357000000 3 40 0 2
357100000 2 40 -1 2
357200000 7 40 0 2
357300000 5 40 -1 2
357400000 5 40 0 2
357500000 4 40 0 2
357600000 6 40 0 2
357700000 6 40 0 2
357800000 5 40 0 2
357900000 6 40 0 2
358000000 5 40 0 2
358100000 4 40 0 2
358200000 5 40 0 2
358300000 3 40 0 2
358400000 2 40 -1 2
358500000 2 40 -1 2
358600000 3 40 0 2
358700000 3 40 0 2
358800000 3 40 1 2
358900000 3 40 1 2
359000000 3 40 1 2
359100000 4 40 0 2
359200000 4 40 1 2
359300000 4 40 0 2
359400000 4 40 1 2
359500000 3 40 0 2
359600000 4 40 0 2
359700000 4 40 0 2
359800000 4 40 0 2
359900000 4 40 0 2
360000000 3 40 0 2
360100000 4 40 0 2
360200000 3 40 0 2
360300000 3 40 0 2
360400000 4 40 0 2
360500000 3 40 -1 2
360600000 4 40 0 2
360700000 4 40 1 2
360800000 3 40 0 2
360900000 3 40 0 2
361000000 4 40 1 2
361100000 3 40 -1 2
361200000 4 40 1 2
361300000 4 40 0 2
361400000 4 40 0 2
361500000 3 40 0 2
361600000 3 40 0 2
361700000 4 40 0 2
361800000 3 40 -1 2
361900000 4 40 0 2
362000000 4 40 0 2
362100000 4 40 0 2
362200000 4 40 0 2
362300000 4 40 1 2
362400000 3 40 0 2
362500000 4 40 0 2
362600000 3 40 -1 2
362700000 3 40 0 2
362800000 3 40 0 2
362900000 3 40 0 2
363000000 3 40 0 2
363100000 3 40 0 2
363200000 3 40 0 2
363300000 2 40 0 2
363400000 3 40 1 2
363500000 2 40 0 2
363600000 3 40 0 2
363700000 3 40 0 2
363800000 3 40 0 2
363900000 3 40 0 2
364000000 3 40 0 2
364100000 3 40 0 2
364200000 3 40 0 2
364300000 3 40 0 2
364400000 2 40 -1 2
364500000 3 40 0 2
364600000 2 40 0 2
364700000 4 40 1 2
364800000 2 40 0 2
364900000 3 40 0 2
365000000 4 40 0 2
365100000 3 40 1 2
365200000 3 40 0 2
365300000 4 40 0 2
365400000 4 40 0 2
365500000 2 40 -1 2
365600000 4 40 1 2
365700000 3 40 1 2
365800000 2 40 -1 2
365900000 2 40 -1 2
366000000 3 40 0 2
366100000 3 40 1 2
366200000 3 40 1 2
366300000 3 40 0 2
366400000 3 40 0 2
366500000 3 40 0 2
366600000 4 40 1 2
366700000 3 40 0 2
366800000 2 40 -1 2
366900000 3 40 0 2
367000000 3 40 0 2
367100000 3 40 0 2
367200000 3 40 0 2
367300000 3 40 0 2
367400000 3 40 0 2
367500000 3 40 -1 2
367600000 3 40 0 2
367700000 3 40 0 2
367800000 2 40 -1 2
367900000 3 40 0 2
368000000 3 40 0 2
368100000 2 40 -1 2
368200000 3 40 0 2
368300000 2 40 -1 2
368400000 3 40 1 2
368500000 3 40 0 2
368600000 3 40 0 2
368700000 3 40 0 2
368800000 4 40 0 2
368900000 3 40 0 2
369000000 3 40 0 2
369100000 3 40 0 2
369200000 3 40 0 2
369300000 3 40 0 2
369400000 3 40 0 2
369500000 2 40 -1 2
369600000 3 40 0 2
369700000 3 40 0 2
369800000 3 40 0 2
369900000 3 40 0 2
370000000 3 40 0 2
370100000 2 40 -1 2
370200000 3 40 0 2
370300000 2 40 -1 2
370400000 5 40 1 2
370500000 3 40 0 2
370600000 3 40 0 2
370700000 2 40 -1 2
370800000 2 40 0 2
370900000 2 40 -1 2
371000000 2 40 -1 2
371100000 3 40 1 2
371200000 3 40 0 2
371300000 3 40 1 2
371400000 2 40 0 2
371500000 3 40 0 2
371600000 2 40 -1 2
371700000 3 40 1 2
371800000 3 40 0 2
371900000 3 40 0 2
372000000 3 40 0 2
372100000 3 40 0 2
372200000 3 40 1 2
372300000 3 40 1 2
372400000 4 40 0 2
372500000 3 40 0 2
372600000 3 40 0 2
372700000 3 40 1 2
372800000 3 40 0 2
372900000 2 40 0 2
373000000 3 40 -1 2
373100000 3 40 1 2
373200000 3 40 0 2
373300000 4 40 1 2
373400000 3 40 0 2
373500000 4 40 0 2
373600000 5 40 0 2
373700000 3 40 0 2
373800000 3 40 -1 2
373900000 3 40 0 2
374000000 2 40 0 2
374100000 3 40 0 2
374200000 3 40 0 2
374300000 3 40 0 2
374400000 2 40 -1 2
374500000 3 40 0 2
374600000 3 40 -1 2
374700000 2 40 0 2
374800000 3 40 1 2
374900000 3 40 0 2
375000000 3 40 0 2
375100000 3 40 0 2
375200000 3 40 0 2
375300000 4 40 0 2
375400000 4 40 0 2
375500000 3 40 0 2
375600000 2 40 -1 2
375700000 4 40 0 2
375800000 3 40 0 2
375900000 4 40 1 2
376000000 3 40 0 2
376100000 3 40 0 2
376200000 3 40 0 2
376300000 3 40 0 2
376400000 3 40 0 2
376500000 2 40 0 2
376600000 2 40 -1 2
376700000 3 40 0 2
376800000 3 40 0 2
376900000 3 40 1 2
377000000 3 40 0 2
377100000 2 40 -1 2
377200000 3 40 0 2
377300000 3 40 0 2
377400000 2 40 0 2
377500000 5 40 0 2
377600000 4 40 0 2
377700000 2 40 0 2
377800000 3 40 0 2
377900000 5 40 0 2
378000000 3 40 -1 2
378100000 3 40 -1 2
378200000 3 40 0 2
378300000 4 40 0 2
378400000 5 40 0 2
378500000 3 40 0 2
378600000 3 40 -1 2
378700000 4 40 0 2
378800000 3 40 0 2
378900000 4 40 0 2
379000000 4 40 0 2
379100000 4 40 0 2
379200000 3 40 -1 2
379300000 4 40 1 2
379400000 4 40 0 2
379500000 4 40 0 2
379600000 5 40 0 2
379700000 4 40 0 2
379800000 4 40 0 2
379900000 4 40 0 2
380000000 4 40 0 2
380100000 4 40 0 2
380200000 3 40 0 2
380300000 4 40 0 2
380400000 3 40 -1 2
380500000 3 40 0 2
380600000 4 40 1 2
380700000 4 40 0 2
380800000 4 40 0 2
380900000 3 40 0 2
381000000 3 40 0 2
381100000 4 40 0 2
381200000 4 40 1 2
381300000 4 40 0 2
381400000 3 40 0 2
381500000 3 40 0 2
381600000 4 40 0 2
381700000 3 40 0 2
381800000 3 40 -1 2
381900000 4 40 0 2
382000000 4 40 0 2
382100000 3 40 0 2
382200000 4 40 0 2
382300000 3 40 0 2
382400000 4 40 1 2
382500000 4 40 1 2
382600000 4 40 1 2
382700000 4 40 0 2
382800000 3 40 0 2
382900000 5 40 0 2
383000000 4 40 0 2
383100000 3 40 0 2
383200000 5 40 0 2
383300000 4 40 0 2
383400000 5 40 0 2
383500000 5 40 0 2
383600000 5 40 0 2
383700000 5 40 1 2
383800000 5 40 0 2
383900000 3 40 0 2
384000000 4 40 0 2
384100000 3 40 -1 2
384200000 3 40 0 2
384300000 3 40 0 2
384400000 3 40 0 2
384500000 4 40 1 2
384600000 4 40 0 2
384700000 5 40 0 2
384800000 5 40 0 2
384900000 4 40 0 2
385000000 3 40 -1 2
385100000 4 40 0 2
385200000 4 40 0 2
385300000 4 40 0 2
385400000 3 40 -1 2
385500000 4 40 0 2
385600000 3 40 0 2
385700000 4 40 1 2
385800000 4 40 0 2
385900000 5 40 0 2
386000000 4 40 0 2
386100000 3 40 -1 2
386200000 4 40 0 2
386300000 3 40 -1 2
386400000 4 40 0 2
386500000 5 40 0 2
386600000 4 40 0 2
386700000 4 40 1 2
386800000 4 40 1 2
386900000 4 40 1 2
387000000 4 40 0 2
387100000 4 40 0 2
387200000 3 40 0 2
387300000 5 40 0 2
387400000 4 40 0 2
387500000 5 40 1 2
387600000 3 40 0 2
387700000 4 40 0 2
387800000 4 40 0 2
387900000 3 40 0 2
388000000 4 40 0 2
388100000 4 40 0 2
388200000 4 40 1 2
388300000 5 40 -1 2
388400000 3 40 0 2
388500000 3 40 -1 2
388600000 3 40 -1 2
388700000 5 40 0 2
388800000 4 40 0 2
388900000 3 40 0 2
389000000 4 40 0 2
389100000 4 40 0 2
389200000 4 40 0 2
389300000 3 40 0 2
389400000 4 40 0 2
389500000 4 40 0 2
389600000 3 40 0 2
389700000 5 40 0 2
389800000 4 40 1 2
389900000 3 40 0 2
390000000 4 40 0 2
390100000 3 40 -1 2
390200000 4 40 0 2
390300000 3 40 0 2
390400000 4 40 0 2
390500000 4 40 0 2
390600000 4 40 0 2
390700000 5 40 0 2
390800000 3 40 0 2
390900000 4 40 0 2
391000000 4 40 0 2
391100000 4 40 0 2
391200000 5 40 0 2
391300000 5 40 0 2
391400000 4 40 0 2
391500000 4 40 1 2
391600000 4 40 0 2
391700000 4 40 0 2
391800000 5 40 1 2
391900000 5 40 0 2
392000000 3 40 -1 2
392100000 4 40 0 2
392200000 4 40 0 2
392300000 4 40 0 2
392400000 4 40 0 2
392500000 4 40 0 2
392600000 3 40 -1 2
392700000 5 40 1 2
392800000 4 40 0 2
392900000 5 40 1 2
393000000 4 40 0 2
393100000 4 40 0 2
393200000 3 40 0 2
393300000 4 40 0 2
393400000 4 40 0 2
393500000 3 40 0 2
393600000 3 40 0 2
393700000 4 40 1 2
393800000 4 40 0 2
393900000 4 40 0 2
394000000 4 40 0 2
394100000 3 40 -1 2
394200000 3 40 0 2
394300000 4 40 0 2
394400000 4 40 0 2
394500000 5 40 0 2
394600000 3 40 0 2
394700000 4 40 0 2
394800000 3 40 0 2
394900000 4 40 0 2
395000000 4 40 1 2
395100000 3 40 0 2
395200000 3 40 -1 2
395300000 5 40 1 2
395400000 4 40 0 2
395500000 4 40 0 2
395600000 4 40 1 2
395700000 3 40 -1 2
395800000 4 40 0 2
395900000 5 40 1 2
396000000 4 40 1 2
396100000 5 40 -1 2
396200000 4 40 0 2
396300000 3 40 0 2
396400000 4 40 0 2
396500000 4 40 0 2
396600000 5 40 0 2
396700000 4 40 0 2
396800000 4 40 0 2
396900000 3 40 0 2
397000000 5 40 0 2
397100000 3 40 -1 2
397200000 3 40 0 2
397300000 3 40 0 2
397400000 4 40 0 2
397500000 4 40 0 2
397600000 4 40 0 2
397700000 4 40 0 2
397800000 5 40 0 2
397900000 5 40 0 2
398000000 5 40 0 2
398100000 5 40 0 2
398200000 5 40 0 2
398300000 5 40 0 2
398400000 4 40 0 2
398500000 4 40 0 2
398600000 4 40 0 2
398700000 4 40 0 2
398800000 5 40 0 2
398900000 4 40 0 2
399000000 5 40 0 2
399100000 5 40 0 2
399200000 6 40 0 2
399300000 4 40 0 2
399400000 3 40 0 2
399500000 4 40 0 2
399600000 3 40 -1 2
399700000 6 40 0 2
399800000 3 40 0 2
399900000 4 40 0 2
400000000 5 40 0 2
400100000 8 40 0 2
400200000 4 40 0 2
400300000 5 40 1 2
400400000 6 40 0 2
400500000 5 40 1 2
400600000 4 40 0 2
400700000 6 40 0 2
400800000 8 40 0 2
400900000 5 40 0 2
401000000 5 40 0 2
401100000 6 40 0 2
401200000 6 40 0 2
401300000 5 40 0 2
401400000 7 40 0 2
401500000 6 40 0 2
401600000 5 40 0 2
401700000 7 40 0 2
401800000 6 40 0 2
401900000 6 40 0 2
402000000 6 40 0 2
402100000 5 40 -1 2
402200000 7 40 0 2
402300000 5 40 -1 2
402400000 5 40 0 2
402500000 5 40 0 2
402600000 5 40 0 2
402700000 7 40 0 2
402800000 6 40 0 2
402900000 5 40 -1 2
403000000 5 40 0 2
403100000 6 40 0 2
403200000 6 40 0 2
403300000 5 40 0 2
403400000 5 40 0 2
403500000 5 40 0 2
403600000 6 40 0 2
403700000 6 40 0 2
403800000 5 40 0 2
403900000 5 40 0 2
404000000 5 40 0 2
404100000 5 40 0 2
404200000 5 40 0 2
404300000 5 40 -1 2
404400000 5 40 0 2
404500000 6 40 0 2
404600000 6 40 0 2
404700000 6 40 0 2
404800000 6 40 0 2
404900000 6 40 0 2
405000000 5 40 0 2
405100000 6 40 0 2
405200000 5 40 0 2
405300000 5 40 0 2
405400000 6 40 0 2
405500000 6 40 0 2
405600000 5 40 -1 2
405700000 6 40 0 2
405800000 7 40 0 2
405900000 5 40 0 2
406000000 6 40 0 2
406100000 5 40 0 2
406200000 6 40 0 2
406300000 6 40 0 2
406400000 5 40 -1 2
406500000 5 40 0 2
406600000 5 40 0 2
406700000 5 40 0 2
406800000 6 40 0 2
406900000 5 40 0 2
407000000 5 40 0 2
407100000 5 40 0 2
407200000 7 40 0 2
407300000 5 40 0 2
407400000 5 40 0 2
407500000 6 40 0 2
407600000 5 40 0 2
407700000 6 40 -1 2
407800000 6 40 0 2
407900000 6 40 0 2
408000000 4 40 -1 2
408100000 5 40 0 2
408200000 4 40 0 2
408300000 4 40 0 2
408400000 5 40 0 2
408500000 5 40 1 2
408600000 5 40 0 2
408700000 5 40 0 2
408800000 5 40 0 2
408900000 6 40 0 2
409000000 6 40 0 2
409100000 5 40 0 2
409200000 4 40 -1 2
409300000 6 40 0 2
409400000 5 40 0 2
409500000 4 40 0 2
409600000 5 40 0 2
409700000 5 40 0 2
409800000 5 40 1 2
409900000 5 40 0 2
410000000 5 40 0 2
410100000 4 40 0 2
410200000 5 40 0 2
410300000 5 40 0 2
410400000 4 40 0 2
410500000 4 40 0 2
410600000 6 40 0 2
410700000 5 40 0 2
410800000 4 40 0 2
410900000 5 40 1 2
411000000 5 40 0 2
411100000 4 40 0 2
411200000 5 40 0 2
411300000 4 40 0 2
411400000 5 40 0 2
411500000 5 40 1 2
411600000 4 40 -1 2
411700000 4 40 -1 2
411800000 5 40 0 2
411900000 5 40 -1 2
412000000 5 40 0 2
412100000 5 40 0 2
412200000 4 40 0 2
412300000 5 40 0 2
412400000 5 40 0 2
412500000 4 40 0 2
412600000 5 40 0 2
412700000 5 40 0 2
412800000 4 40 -1 2
412900000 6 40 0 2
413000000 5 40 0 2
413100000 5 40 0 2
413200000 4 40 0 2
413300000 5 40 0 2
413400000 4 40 0 2
413500000 4 40 0 2
413600000 5 40 0 2
413700000 4 40 0 2
413800000 4 40 -1 2
413900000 4 40 0 2
414000000 6 40 0 2
414100000 4 40 0 2
414200000 5 40 0 2
414300000 4 40 0 2
414400000 5 40 0 2
414500000 5 40 0 2
414600000 5 40 0 2
414700000 7 40 0 2
414800000 5 40 0 2
414900000 4 40 1 2
415000000 5 40 0 2
415100000 5 40 -1 2
415200000 3 40 -1 2
415300000 3 40 0 2
415400000 4 40 0 2
415500000 4 40 0 2
415600000 4 40 0 2
415700000 4 40 1 2
415800000 4 40 0 2
415900000 4 40 1 2
416000000 3 40 0 2
416100000 4 40 0 2
416200000 4 40 0 2
416300000 3 40 0 2
416400000 3 40 0 2
416500000 2 40 0 2
416600000 3 40 0 2
416700000 2 40 0 2
416800000 3 40 0 2
416900000 3 40 1 2
417000000 3 40 0 2
417100000 3 40 0 2
417200000 4 40 0 2
417300000 5 40 0 2
417400000 4 40 1 2
417500000 3 40 0 2
417600000 3 40 0 2
417700000 6 40 0 2
417800000 4 40 0 2
417900000 2 40 -1 2
418000000 3 40 0 2
418100000 2 40 0 2
418200000 3 40 0 2
418300000 4 40 0 2
418400000 4 40 0 2
418500000 4 40 1 2
418600000 4 40 0 2
418700000 2 40 0 2
418800000 3 40 0 2
418900000 4 40 0 2
419000000 5 40 0 2
419100000 3 40 0 2
419200000 4 40 0 2
419300000 3 40 0 2
419400000 4 40 0 2
419500000 4 40 0 2
419600000 4 40 0 2
419700000 3 40 0 2
419800000 3 40 0 2
419900000 5 40 0 2
420000000 3 40 -1 2
420100000 4 40 0 2
420200000 3 40 -1 2
420300000 4 40 0 2
420400000 4 40 1 2
420500000 2 40 0 2
420600000 4 40 -1 2
420700000 2 40 0 2
420800000 3 40 1 2
420900000 3 40 0 2
421000000 4 40 1 2
421100000 3 40 0 2
421200000 4 40 1 2
421300000 3 40 0 2
421400000 2 40 0 2
421500000 3 40 0 2
421600000 3 40 1 2
421700000 3 40 0 2
421800000 3 40 0 2
421900000 3 40 0 2
422000000 4 40 0 2
422100000 3 40 1 2
422200000 4 40 0 2
422300000 4 40 0 2
422400000 2 40 -1 2
422500000 4 40 0 2
422600000 2 40 0 2
422700000 3 40 0 2
422800000 4 40 0 2
422900000 3 40 0 2
423000000 4 40 0 2
423100000 3 40 0 2
423200000 3 40 0 2
423300000 5 40 1 2
423400000 2 40 0 2
423500000 4 40 1 2
423600000 3 40 0 2
423700000 3 40 1 2
423800000 3 40 1 2
423900000 4 40 0 2
424000000 4 40 1 2
424100000 4 40 0 2
424200000 4 40 0 2
424300000 4 40 0 2
424400000 4 40 0 2
424500000 5 40 0 2
424600000 4 40 0 2
424700000 3 40 0 2
424800000 4 40 0 2
424900000 6 40 0 2
425000000 4 40 0 2
425100000 5 40 1 2
425200000 3 40 -1 2
425300000 3 40 0 2
425400000 4 40 0 2
425500000 4 40 1 2
425600000 4 40 0 2
425700000 3 40 0 2
425800000 4 40 0 2
425900000 3 40 0 2
426000000 5 40 -1 2
426100000 5 40 0 2
426200000 6 40 0 2
426300000 4 40 0 2
426400000 3 40 0 2
426500000 4 40 0 2
426600000 3 40 1 2
426700000 3 40 1 2
426800000 3 40 0 2
426900000 2 40 0 2
427000000 3 40 0 2
427100000 4 40 0 2
427200000 3 40 1 2
427300000 2 40 -1 2
427400000 4 40 0 2
427500000 3 40 1 2
427600000 3 40 0 2
427700000 2 40 0 2
427800000 3 40 0 2
427900000 3 40 1 2
428000000 3 40 1 2
428100000 3 40 0 2
428200000 2 40 -1 2
428300000 4 40 0 2
428400000 2 40 0 2
428500000 3 40 0 2
428600000 2 40 -1 2
428700000 4 40 0 2
428800000 3 40 0 2
428900000 3 40 0 2
429000000 2 40 -1 2
429100000 2 40 0 2
429200000 3 40 1 2
429300000 2 40 0 2
429400000 3 40 1 2
429500000 2 40 0 2
429600000 3 40 0 2
429700000 3 40 0 2
429800000 2 40 -1 2
429900000 3 40 0 2
430000000 3 40 0 2
430100000 2 40 -1 2
430200000 3 40 0 2
430300000 3 40 0 2
430400000 3 40 0 2
430500000 4 40 0 2
430600000 2 40 0 2
430700000 2 40 0 2
430800000 3 40 0 2
430900000 3 40 0 2
431000000 2 40 0 2
431100000 3 40 0 2
431200000 3 40 0 2
431300000 2 40 -1 2
431400000 5 40 1 2
431500000 3 40 0 2
431600000 3 40 0 2
431700000 3 40 0 2
431800000 4 40 0 2
431900000 4 40 0 2
432000000 4 40 0 2
432100000 4 40 1 2
432200000 2 40 -1 2
432300000 3 40 1 2
432400000 3 40 0 2
432500000 2 40 0 2
432600000 3 40 0 2
432700000 3 40 0 2
432800000 4 40 0 2
432900000 4 40 0 2
433000000 3 40 0 2
433100000 3 40 1 2
433200000 2 40 -1 2
433300000 3 40 0 2
433400000 3 40 1 2
433500000 5 40 1 2
433600000 4 40 0 2
433700000 3 40 0 2
433800000 3 40 0 2
433900000 3 40 0 2
434000000 4 40 0 2
434100000 4 40 0 2
434200000 2 40 0 2
434300000 3 40 1 2
434400000 2 40 0 2
434500000 4 40 0 2
434600000 2 40 0 2
434700000 4 40 1 2
434800000 3 40 0 2
434900000 3 40 0 2
435000000 3 40 0 2
435100000 3 40 0 2
435200000 4 40 0 2
435300000 3 40 1 2
435400000 2 40 0 2
435500000 3 40 0 2
435600000 2 40 -1 2
435700000 3 40 0 2
435800000 3 40 1 2
435900000 3 40 0 2
436000000 3 40 0 2
436100000 5 40 0 2
436200000 6 40 0 2
436300000 4 40 0 2
436400000 4 40 -1 2
436500000 5 40 1 2
436600000 5 40 0 2
436700000 4 40 0 2
436800000 5 40 0 2
436900000 4 40 -1 2
437000000 5 40 0 2
437100000 5 40 1 2
437200000 4 40 0 2
437300000 5 40 1 2
437400000 4 40 0 2
437500000 5 40 0 2
437600000 5 40 1 2
437700000 4 40 -1 2
437800000 7 40 1 2
437900000 3 40 0 2
438000000 3 40 1 2
438100000 2 40 0 2
438200000 4 40 0 2
438300000 2 40 -1 2
438400000 3 40 1 2
438500000 3 40 0 2
438600000 3 40 1 2
438700000 3 40 0 2
438800000 4 40 0 2
438900000 3 40 0 2
439000000 3 40 0 2
439100000 3 40 1 2
439200000 3 40 0 2
439300000 4 40 1 2
439400000 3 40 -1 2
439500000 3 40 1 2
439600000 3 40 0 2
439700000 2 40 -1 2
439800000 3 40 0 2
439900000 2 40 -1 2
440000000 4 40 0 2
440100000 4 40 1 2
440200000 4 40 0 2
440300000 3 40 0 2
440400000 3 40 0 2
440500000 2 40 -1 2
440600000 4 40 0 2
440700000 2 40 0 2
440800000 3 40 0 2
440900000 2 40 0 2
441000000 3 40 0 2
441100000 4 40 0 2
441200000 4 40 0 2
441300000 4 40 1 2
441400000 3 40 0 2
441500000 3 40 0 2
441600000 4 40 1 2
441700000 2 40 0 2
441800000 3 40 1 2
441900000 4 40 0 2
442000000 2 40 -1 2
442100000 3 40 0 2
442200000 3 40 0 2
442300000 2 40 0 2
442400000 3 40 1 2
442500000 3 40 0 2
442600000 2 40 0 2
442700000 5 40 0 2
442800000 2 40 0 2
442900000 4 40 0 2
443000000 3 40 0 2
443100000 4 40 0 2
443200000 2 40 0 2
443300000 2 40 0 2
443400000 2 40 0 2
443500000 2 40 -1 2
443600000 4 40 0 2
443700000 4 40 0 2
443800000 3 40 0 2
443900000 3 40 0 2
444000000 4 40 0 2
444100000 4 40 0 2
444200000 3 40 -1 2
444300000 3 40 0 2
444400000 4 40 0 2
444500000 4 40 0 2
444600000 3 40 0 2
444700000 4 40 0 2
444800000 4 40 0 2
444900000 5 40 0 2
445000000 4 40 0 2
445100000 4 40 0 2
445200000 3 40 0 2
445300000 4 40 0 2
445400000 3 40 0 2
445500000 4 40 0 2
445600000 4 40 0 2
445700000 4 40 0 2
445800000 4 40 0 2
445900000 4 40 0 2
446000000 4 40 0 2
446100000 5 40 -1 2
446200000 3 40 0 2
446300000 5 40 0 2
446400000 4 40 0 2
446500000 3 40 0 2
446600000 4 40 0 2
446700000 5 40 0 2
446800000 4 40 0 2
446900000 4 40 0 2
447000000 3 40 0 2
447100000 3 40 -1 2
447200000 3 40 -1 2
447300000 3 40 -1 2
447400000 4 40 0 2
447500000 4 40 0 2
447600000 4 40 0 2
447700000 4 40 0 2
447800000 3 40 -1 2
447900000 4 40 1 2
448000000 3 40 -1 2
448100000 3 40 0 2
448200000 4 40 0 2
448300000 4 40 0 2
448400000 3 40 0 2
448500000 3 40 0 2
448600000 5 40 0 2
448700000 4 40 1 2
448800000 3 40 0 2
448900000 3 40 -1 2
449000000 4 40 0 2
449100000 4 40 0 2
449200000 3 40 0 2
449300000 5 40 0 2
449400000 3 40 -1 2
449500000 3 40 -1 2
449600000 4 40 0 2
449700000 3 40 0 2
449800000 3 40 0 2
449900000 3 40 0 2
450000000 3 40 0 2
450100000 4 40 0 2
450200000 4 40 1 2
450300000 4 40 0 2
450400000 3 40 0 2
450500000 3 40 0 2
450600000 3 40 0 2
450700000 2 40 0 2
450800000 4 40 0 2
450900000 3 40 -1 2
451000000 3 40 0 2
451100000 3 40 0 2
451200000 4 40 0 2
451300000 6 40 0 2
451400000 5 40 0 2
451500000 5 40 0 2
451600000 4 40 0 2
451700000 5 40 0 2
451800000 4 40 1 2
451900000 4 40 0 2
452000000 4 40 0 2
452100000 3 40 -1 2
452200000 4 40 0 2
452300000 5 40 0 2
452400000 3 40 0 2
452500000 6 40 0 2
452600000 4 40 0 2
452700000 4 40 -1 2
452800000 5 40 0 2
452900000 4 40 0 2
453000000 4 40 1 2
453100000 4 40 0 2
453200000 4 40 0 2
453300000 5 40 1 2
453400000 3 40 0 2
453500000 3 40 0 2
453600000 4 40 0 2
453700000 2 40 0 2
453800000 3 40 0 2
453900000 3 40 0 2
454000000 4 40 1 2
454100000 4 40 0 2
454200000 3 40 0 2
454300000 4 40 1 2
454400000 4 40 0 2
454500000 4 40 1 2
454600000 4 40 0 2
454700000 3 40 0 2
454800000 5 40 0 2
454900000 3 40 0 2
455000000 4 40 1 2
455100000 4 40 0 2
455200000 4 40 0 2
455300000 3 40 0 2
455400000 3 40 0 2
455500000 4 40 0 2
455600000 2 40 0 2
455700000 3 40 0 2
455800000 3 40 0 2
455900000 2 40 0 2
456000000 2 40 0 2
456100000 4 40 0 2
456200000 3 40 0 2
456300000 3 40 0 2
456400000 2 40 0 2
456500000 2 40 -1 2
456600000 3 40 1 2
456700000 4 40 0 2
456800000 2 40 0 2
456900000 2 40 0 2
457000000 2 40 -1 2
457100000 3 40 0 2
457200000 3 40 0 2
457300000 3 40 0 2
457400000 3 40 0 2
457500000 4 40 0 2
457600000 4 40 0 2
457700000 5 40 0 2
457800000 4 40 1 2
457900000 5 40 0 2
458000000 5 40 0 2
458100000 4 40 0 2
458200000 5 40 0 2
458300000 5 40 0 2
458400000 4 40 1 2
458500000 5 40 0 2
458600000 3 40 -1 2
458700000 3 40 0 2
458800000 4 40 0 2
458900000 5 40 0 2
459000000 4 40 0 2
459100000 5 40 0 2
459200000 3 40 -1 2
459300000 5 40 0 2
459400000 4 40 1 2
459500000 4 40 0 2
459600000 4 40 0 2
459700000 4 40 0 2
459800000 5 40 1 2
459900000 4 40 0 2
460000000 3 40 0 2
460100000 3 40 0 2
460200000 4 40 0 2
460300000 4 40 0 2
460400000 6 40 0 2
460500000 3 40 0 2
460600000 6 40 1 2
460700000 4 40 0 2
460800000 4 40 1 2
460900000 5 40 1 2
461000000 4 40 0 2
461100000 4 40 0 2
461200000 4 40 0 2
461300000 4 40 0 2
461400000 4 40 0 2
461500000 3 40 0 2
461600000 3 40 -1 2
461700000 3 40 -1 2
461800000 4 40 0 2
461900000 4 40 1 2
462000000 4 40 0 2
462100000 5 40 0 2
462200000 4 40 0 2
462300000 4 40 0 2
462400000 4 40 1 2
462500000 3 40 -1 2
462600000 4 40 0 2
462700000 4 40 0 2
462800000 5 40 1 2
462900000 5 40 0 2
463000000 4 40 0 2
463100000 5 40 0 2
463200000 4 40 0 2
463300000 6 40 0 2
463400000 5 40 0 2
463500000 5 40 0 2
463600000 5 40 0 2
463700000 5 40 -1 2
463800000 6 40 0 2
463900000 5 40 0 2
464000000 5 40 0 2
464100000 4 40 0 2
464200000 4 40 0 2
464300000 5 40 1 2
464400000 4 40 0 2
464500000 5 40 0 2
464600000 4 40 0 2
464700000 5 40 1 2
464800000 4 40 0 2
464900000 5 40 0 2
465000000 4 40 0 2
465100000 5 40 0 2
465200000 4 40 0 2
465300000 5 40 0 2
465400000 4 40 0 2
465500000 4 40 0 2
465600000 3 40 0 2
465700000 4 40 0 2
465800000 4 40 0 2
465900000 5 40 0 2
466000000 3 40 -1 2
466100000 3 40 -1 2
466200000 4 40 0 2
466300000 3 40 0 2
466400000 4 40 0 2
466500000 3 40 -1 2
466600000 4 40 1 2
466700000 5 40 0 2
466800000 3 40 0 2
466900000 3 40 -1 2
467000000 4 40 0 2
467100000 3 40 0 2
467200000 4 40 1 2
467300000 4 40 0 2
467400000 4 40 0 2
467500000 3 40 -1 2
467600000 4 40 1 2
467700000 4 40 0 2
467800000 4 40 0 2
467900000 5 40 0 2
468000000 4 40 0 2
468100000 3 40 0 2
468200000 6 40 0 2
468300000 4 40 0 2
468400000 3 40 0 2
468500000 4 40 0 2
468600000 4 40 0 2
468700000 4 40 0 2
468800000 3 40 -1 2
468900000 4 40 0 2
469000000 4 40 0 2
469100000 3 40 -1 2
469200000 4 40 0 2
469300000 6 40 1 2
469400000 3 40 -1 2
469500000 4 40 1 2
469600000 3 40 0 2
469700000 6 40 0 2
469800000 4 40 0 2
469900000 5 40 0 2
470000000 4 40 0 2
470100000 3 40 0 2
470200000 4 40 1 2
470300000 6 40 0 2
470400000 4 40 0 2
470500000 7 40 0 2
470600000 4 40 0 2
470700000 4 40 0 2
470800000 3 40 0 2
470900000 2 40 -1 2
471000000 3 40 0 2
471100000 2 40 0 2
471200000 2 40 0 2
471300000 2 40 0 2
471400000 2 40 -1 2
471500000 3 40 0 2
471600000 4 40 0 2
471700000 4 40 0 2
471800000 2 40 -1 2
471900000 2 40 -1 2
472000000 4 40 0 2
472100000 3 40 0 2
472200000 2 40 0 2
472300000 3 40 0 2
472400000 2 40 0 2
472500000 2 40 0 2
472600000 2 40 0 2
472700000 4 40 0 2
472800000 3 40 0 2
472900000 3 40 0 2
473000000 3 40 0 2
473100000 4 40 0 2
473200000 4 40 0 2
473300000 2 40 0 2
473400000 4 40 0 2
473500000 2 40 0 2
473600000 3 40 0 2
473700000 4 40 0 2
473800000 2 40 0 2
473900000 2 40 -1 2
474000000 2 40 0 2
474100000 3 40 0 2
474200000 3 40 0 2
474300000 3 40 0 2
474400000 2 40 -1 2
474500000 4 40 1 2
474600000 4 40 0 2
474700000 2 40 0 2
474800000 3 40 0 2
474900000 3 40 0 2
475000000 2 40 0 2
475100000 2 40 0 2
475200000 2 40 -1 2
475300000 3 40 0 2
475400000 2 40 0 2
475500000 3 40 0 2
475600000 5 40 0 2
475700000 3 40 1 2
475800000 2 40 0 2
475900000 3 40 0 2
476000000 3 40 0 2
476100000 2 40 0 2
476200000 3 40 0 2
476300000 4 40 0 2
476400000 2 40 0 2
476500000 2 40 0 2
476600000 2 40 -1 2
476700000 3 40 0 2
476800000 2 40 -1 2
476900000 3 40 0 2
477000000 2 40 0 2
477100000 3 40 1 2
477200000 2 40 0 2
477300000 2 40 0 2
477400000 3 40 0 2
477500000 2 40 -1 2
477600000 2 40 -1 2
477700000 3 40 0 2
477800000 3 40 1 2
477900000 3 40 0 2
478000000 3 40 0 2
478100000 4 40 1 2
478200000 3 40 0 2
478300000 2 40 0 2
478400000 2 40 -1 2
478500000 3 40 0 2
478600000 3 40 0 2
478700000 3 40 0 2
478800000 3 40 0 2
478900000 4 40 0 2
479000000 2 40 0 2
479100000 3 40 0 2
479200000 3 40 0 2
479300000 3 40 0 2
479400000 3 40 -1 2
479500000 3 40 0 2
479600000 3 40 0 2
479700000 2 40 -1 2
479800000 2 40 -1 2
479900000 4 40 0 2
480000000 3 40 0 2
480100000 2 40 0 2
480200000 2 40 -1 2
480300000 2 40 -1 2
480400000 3 40 0 2
480500000 3 40 1 2
480600000 4 40 1 2
1
2
3
4
5
33
7
8
9
10
16
29
13
14
15
12
6
18
19
20
21
22
23
34
25
26
27
28
24
30
31
32
11
36
35
37
40
38
39
17
2
3
31
5
6
7
35
9
4
11
12
13
14
15
16
17
18
19
20
21
22
23
24
25
26
27
28
29
30
10
32
33
34
37
8
36
38
39
40
1
3
4
20
6
7
8
9
19
11
12
13
14
15
16
5
18
17
33
21
22
23
24
25
26
27
28
29
30
31
32
36
34
35
10
37
38
39
40
1
2
4
5
6
7
8
9
10
11
12
37
14
15
16
17
18
19
20
21
40
34
24
25
39
27
28
29
30
31
32
33
22
35
36
23
38
3
13
1
2
26
5
6
7
8
9
10
11
12
13
14
15
16
17
18
19
20
21
39
23
24
25
26
27
28
29
30
31
32
33
34
35
22
37
38
36
40
1
2
3
4
6
7
8
9
26
11
12
13
14
15
40
17
18
36
20
21
22
23
24
25
10
27
28
29
30
31
32
33
34
35
19
37
38
39
16
1
2
3
4
5
7
8
9
10
11
12
13
14
15
16
17
18
19
20
21
22
23
24
25
26
27
28
29
30
31
32
33
34
35
36
37
38
39
40
1
2
3
4
5
6
22
9
10
35
12
13
14
15
16
17
30
19
20
21
3
23
24
25
26
27
28
29
4
31
32
33
11
18
36
37
38
39
40
1
2
34
8
5
6
7
9
10
11
12
13
14
15
31
17
18
19
36
21
22
23
24
25
20
27
28
29
35
30
32
33
34
26
40
37
38
39
16
1
2
3
4
5
6
7
8
10
11
12
13
14
15
16
17
18
19
20
21
22
23
24
25
26
7
28
29
30
31
32
33
34
35
36
37
38
39
40
1
2
3
4
5
6
27
8
9
11
12
30
14
15
16
17
18
19
20
3
8
23
24
25
26
27
28
1
13
31
32
33
21
35
36
37
38
39
40
34
2
29
4
5
6
7
22
9
10
12
13
14
15
16
17
8
38
20
21
22
23
24
25
26
27
28
29
30
31
32
33
34
35
36
37
1
39
40
18
2
3
4
5
6
7
19
9
10
11
13
17
15
16
30
18
19
20
21
27
23
24
25
26
22
28
29
5
31
32
12
34
35
36
37
38
39
14
1
2
3
4
33
6
7
8
9
10
11
40
14
15
16
17
18
19
20
21
22
23
24
25
26
27
28
7
30
31
32
33
34
8
36
37
38
39
5
1
2
3
4
29
6
35
40
9
10
11
12
13
15
16
17
18
34
20
21
22
23
5
25
26
27
28
29
30
31
32
33
9
35
36
37
38
39
40
24
2
3
4
1
6
7
8
14
10
11
12
13
19
16
33
38
19
20
21
18
23
24
25
26
27
28
29
30
31
32
22
34
35
36
37
8
39
40
1
2
4
17
5
6
7
3
9
10
11
12
13
14
15
17
18
19
20
21
22
23
25
39
26
27
28
29
30
31
32
33
34
35
36
37
38
13
40
1
2
3
24
5
6
9
8
10
7
11
12
4
14
15
16
18
25
29
21
22
23
24
10
26
36
28
20
30
31
27
33
34
15
5
37
38
39
40
1
2
3
4
19
6
7
8
9
17
11
12
13
14
35
16
32
25
20
21
22
23
24
26
16
27
28
29
30
31
32
33
34
35
36
37
38
39
40
1
2
3
4
9
6
7
8
11
10
5
12
13
14
15
19
17
18
20
14
22
23
19
25
30
27
28
29
21
31
32
33
34
35
36
37
38
39
40
1
2
3
4
5
6
7
8
9
10
11
18
13
26
15
16
17
24
12
21
22
23
24
25
26
27
28
29
30
31
32
33
34
35
36
37
38
39
40
1
2
3
4
10
6
7
8
11
15
5
12
13
14
9
16
17
18
19
20
19
23
4
25
24
27
28
29
30
31
32
33
34
35
36
37
38
26
8
1
2
3
22
5
6
7
40
9
10
11
12
13
14
15
39
17
18
16
20
21
23
24
25
26
27
28
29
30
31
32
33
34
35
19
11
38
39
40
36
2
3
4
5
6
7
12
8
10
9
1
13
14
15
16
17
18
37
20
21
22
24
34
5
27
28
31
22
26
25
33
36
35
38
37
32
39
40
1
2
3
4
30
6
7
8
9
10
11
12
13
14
15
16
17
18
19
20
21
29
23
39
26
27
28
17
30
31
32
33
34
35
22
37
38
10
40
1
2
3
4
5
6
7
8
16
11
25
12
13
14
29
36
9
18
19
20
21
15
23
24
26
27
28
11
29
6
32
24
34
35
18
37
36
39
40
1
2
3
4
30
33
7
31
9
5
10
15
13
14
12
16
17
8
19
20
21
22
23
38
25
27
28
26
30
31
32
33
34
35
13
37
38
39
40
1
2
3
4
29
6
7
5
9
10
11
8
12
36
15
16
17
18
19
20
21
22
23
24
25
14
28
29
33
31
32
37
34
35
36
22
38
39
40
1
2
3
4
30
6
7
8
9
10
11
12
13
14
5
16
17
18
19
20
21
15
23
24
25
26
27
31
30
18
32
33
34
3
36
37
38
39
40
1
2
17
4
5
6
7
8
9
10
11
12
13
14
35
16
29
19
15
20
21
22
23
24
25
26
27
28
30
21
32
33
10
35
36
37
38
39
7
1
2
3
4
5
19
27
9
23
6
11
12
13
14
15
16
17
18
31
20
40
22
34
24
25
26
8
28
29
34
31
13
29
35
36
37
33
32
40
1
2
3
4
39
6
7
8
22
10
11
12
38
14
9
16
17
15
19
20
21
5
23
24
25
26
27
28
18
30
32
19
34
37
36
29
38
39
40
1
2
3
4
5
6
16
8
9
10
11
26
13
14
24
15
17
18
35
20
21
33
23
12
25
22
27
28
7
30
31
33
32
35
36
37
38
39
40
1
2
34
4
5
6
7
8
9
10
11
12
13
14
15
16
17
18
19
20
21
22
23
24
25
26
27
28
29
30
31
3
37
35
36
34
38
39
40
1
2
3
4
9
6
7
8
13
10
11
12
5
14
15
16
17
18
19
20
21
22
23
24
25
26
27
28
29
30
31
32
33
35
36
37
38
39
40
1
2
3
4
5
6
7
8
9
10
11
12
13
14
15
16
17
18
19
20
21
22
23
24
25
26
27
28
29
30
31
32
33
34
36
37
24
39
40
1
2
3
10
7
6
5
8
9
38
11
12
13
14
15
16
17
18
19
20
21
22
23
4
25
26
27
28
29
30
31
32
33
34
35
8
38
39
40
1
2
25
4
5
6
11
12
9
10
37
29
13
14
15
16
17
18
19
20
21
22
23
3
27
26
7
28
24
30
31
32
33
34
35
36
38
39
40
1
2
3
4
5
6
24
8
7
10
11
12
9
14
35
16
17
18
19
20
15
22
23
13
25
26
27
28
21
30
31
32
33
34
29
36
37
29
40
1
2
3
4
5
6
7
8
9
10
11
12
13
14
15
16
17
18
19
20
21
22
23
24
34
26
25
28
27
30
31
32
33
39
35
36
37
38
40
1
2
3
4
5
6
7
8
9
10
11
12
13
14
15
16
17
18
19
20
21
26
23
24
25
38
27
28
29
30
31
32
33
34
35
36
37
22
39
, : 480668475 | (s): 2367.56 | : 203023
