100000 28 60 0 28
200000 21 60 0 21
300000 21 60 0 21
400000 19 60 0 19
500000 19 60 0 19
600000 19 60 0 19
700000 18 60 0 18
800000 16 60 0 16
900000 16 60 0 16
1000000 15 60 0 15
1100000 14 60 0 14
1200000 13 60 0 13
1300000 11 60 0 11
1400000 12 60 0 10
1500000 6 60 1 5
1600000 2 60 -1 2
1700000 4 60 0 2
35
14
22
12
52
25
5
2
48
6
57
3
41
16
29
40
36
24
33
28
50
21
32
8
38
49
13
56
9
30
43
58
45
59
34
15
31
44
37
54
47
7
51
26
18
19
39
46
10
55
42
17
53
20
11
4
1
23
27
60
28
31
43
9
39
8
12
51
46
56
25
55
38
59
6
37
4
15
57
3
30
2
48
52
34
7
49
10
22
60
53
54
11
18
5
29
26
14
19
45
36
17
27
50
58
42
35
33
32
20
47
41
40
23
44
16
21
1
13
24
59
45
18
52
34
11
53
1
30
35
26
37
8
51
3
49
17
57
15
48
7
19
31
46
50
44
33
21
38
36
2
39
10
56
29
22
60
25
40
23
54
27
13
42
47
28
32
14
5
16
12
6
58
24
4
55
9
20
43
41
1
39
34
46
20
17
41
49
4
26
24
21
7
27
44
19
23
47
31
40
22
36
38
13
12
54
28
42
5
32
48
6
18
43
8
55
35
53
15
37
50
16
45
33
29
25
51
59
3
52
56
10
30
9
2
11
58
60
57
14
2
4
10
59
15
57
46
9
60
34
37
7
5
25
38
31
33
45
58
29
53
56
44
42
36
11
27
32
41
35
51
50
43
48
3
13
24
6
22
28
40
18
20
1
19
8
23
16
14
26
17
39
12
47
21
54
49
30
52
55
24
10
49
37
33
59
16
48
6
1
42
17
57
9
31
3
51
25
56
11
4
53
36
7
8
26
47
29
15
5
28
2
23
21
20
38
50
19
43
32
30
58
54
55
12
46
13
41
45
22
14
60
27
40
18
39
44
52
35
34
44
12
16
19
5
37
8
7
35
45
3
30
21
26
39
60
50
9
54
34
18
25
23
57
22
36
58
51
59
38
17
46
52
4
6
2
11
15
32
27
14
49
1
20
10
33
29
47
24
53
31
40
55
43
42
13
41
48
28
56
27
24
1
54
18
38
35
47
7
13
15
22
43
36
33
12
52
16
30
57
21
44
8
50
41
32
10
26
20
2
59
23
6
19
56
9
28
55
5
25
34
29
14
46
53
45
48
42
49
3
60
37
51
17
58
31
4
11
39
40
51
60
9
3
13
53
32
28
14
54
22
52
37
24
5
11
46
40
55
12
42
26
58
33
56
23
45
16
57
8
30
47
36
20
38
27
2
48
31
4
1
19
41
6
35
59
21
49
44
18
43
50
29
39
25
34
7
15
10
17
60
56
37
36
48
5
9
23
40
51
41
12
29
18
43
8
15
33
45
42
34
1
39
3
53
2
57
25
10
6
21
44
31
52
27
49
4
13
30
17
32
54
24
28
26
16
7
55
58
47
20
11
22
46
14
19
50
59
38
35
31
55
13
49
47
29
52
5
59
7
38
53
6
35
10
57
3
54
14
46
39
41
20
30
40
15
60
27
58
9
11
12
8
44
25
45
37
16
48
21
4
56
42
22
24
2
19
17
34
32
36
43
33
51
28
50
18
26
1
23
36
58
32
47
55
35
24
33
50
29
39
4
60
3
23
52
6
26
8
41
37
46
42
40
10
28
43
31
21
20
45
53
13
2
16
44
12
38
51
15
56
48
19
9
5
11
22
7
27
25
34
59
1
49
54
14
30
18
17
57
54
59
28
31
40
32
20
21
23
16
47
9
48
30
36
7
38
1
34
58
14
11
2
53
29
37
26
35
12
13
10
49
27
51
33
43
3
8
45
18
25
22
4
19
44
5
55
24
17
39
6
56
60
15
41
57
42
50
46
52
38
17
51
26
14
31
44
30
8
46
7
25
13
56
35
6
28
48
11
1
9
37
45
23
32
58
22
43
42
29
18
55
60
54
39
12
40
3
52
36
53
33
15
5
21
49
50
20
47
34
4
27
10
41
16
24
57
2
19
59
49
52
35
45
36
18
15
41
10
9
4
1
30
53
12
33
44
27
5
17
43
40
47
14
37
8
38
50
7
57
46
11
25
24
19
6
29
32
28
39
51
3
55
13
42
31
60
21
22
58
23
16
34
59
26
2
20
56
48
54
26
51
40
2
11
21
39
52
17
3
31
8
36
10
32
30
53
20
28
38
29
58
18
4
45
6
55
41
47
44
7
59
1
50
37
35
25
43
54
57
12
23
48
15
56
22
16
5
42
24
13
34
14
19
49
33
46
27
60
9
19
48
55
56
16
2
29
46
13
17
54
14
3
21
58
59
31
10
24
9
38
20
28
11
52
45
8
18
32
26
35
15
30
42
23
50
49
1
60
5
43
12
39
36
41
37
40
51
7
27
33
4
44
57
34
6
47
25
22
53
18
11
53
60
21
52
59
44
19
15
32
50
20
39
47
27
24
4
12
23
2
28
5
35
31
57
17
13
34
33
56
30
3
55
51
40
38
42
58
6
22
37
43
10
1
41
25
36
26
49
8
29
46
7
48
45
54
9
14
16
41
27
15
1
54
14
51
58
47
48
6
45
12
13
49
5
60
46
52
10
44
35
55
29
17
18
7
53
30
11
23
37
38
8
43
34
16
24
36
2
20
40
21
25
57
4
26
19
9
28
39
22
31
50
3
42
59
32
56
33
6
25
47
13
53
51
19
8
52
58
60
24
14
2
27
34
57
42
17
15
23
49
56
21
26
31
9
39
46
59
54
33
40
5
44
20
1
37
18
7
48
43
11
3
16
32
41
10
28
36
29
55
35
4
45
30
38
12
50
22
56
21
31
5
17
9
38
27
39
20
13
15
55
60
25
45
43
34
6
44
47
23
26
10
54
35
48
40
18
16
57
36
37
46
22
11
52
4
29
51
19
42
59
49
7
53
33
12
41
14
2
1
50
30
8
58
32
3
24
28
42
30
57
17
58
41
54
6
18
8
2
56
26
20
19
50
13
28
59
32
45
15
12
25
16
51
40
60
49
34
22
1
21
14
4
10
5
47
33
48
7
44
46
43
27
23
24
31
55
35
3
9
37
11
36
38
52
39
53
29
30
38
46
24
23
54
7
14
5
53
48
34
49
19
55
51
39
58
16
4
32
45
6
37
33
41
42
9
8
12
40
31
17
35
1
21
59
22
50
47
26
20
2
56
28
57
36
44
60
11
18
15
13
27
10
52
3
29
25
43
5
49
17
33
50
23
30
37
28
32
27
59
34
43
4
22
7
51
42
39
11
60
41
38
55
25
3
47
19
24
12
16
58
45
54
8
15
40
20
56
2
21
36
53
6
10
57
1
46
9
35
26
52
13
31
48
29
14
44
18
3
1
12
32
8
36
43
17
38
10
9
33
35
54
37
58
41
14
29
60
5
27
13
47
19
34
15
28
53
18
31
57
20
11
2
42
56
26
59
44
6
39
30
52
50
24
49
4
21
40
45
48
25
16
22
7
51
55
23
46
50
15
36
8
57
24
58
35
49
55
46
29
22
32
13
48
14
41
27
47
25
43
17
5
11
10
51
2
26
4
44
34
39
7
52
59
45
28
16
31
42
38
18
21
9
60
30
6
20
56
37
53
23
12
1
40
33
54
3
19
15
50
4
44
51
48
42
34
33
28
18
38
46
58
26
2
25
17
9
31
60
52
16
22
6
40
32
54
29
27
41
56
35
1
47
14
20
59
8
24
23
55
3
57
30
21
53
37
39
45
49
36
7
10
43
5
13
19
12
11
57
44
54
29
19
30
49
12
36
39
58
13
51
40
1
17
22
50
48
6
56
10
53
26
9
20
59
8
25
7
33
41
2
31
45
16
34
27
11
46
28
15
35
23
4
3
14
52
18
42
21
24
47
32
60
37
55
43
5
38
32
40
14
50
29
1
47
20
3
52
12
6
23
22
42
39
26
38
43
18
46
8
4
15
30
21
31
11
24
48
27
5
53
28
35
17
33
54
55
16
37
57
25
59
49
51
58
2
19
60
10
45
41
44
56
9
36
7
34
13
4
33
3
25
31
13
48
10
43
36
52
18
19
6
40
29
47
37
49
54
17
22
7
56
15
55
23
1
2
46
34
14
51
32
26
39
41
21
12
59
16
28
38
60
8
9
42
53
11
57
27
58
45
5
50
35
24
44
30
20
46
8
44
20
1
45
31
11
12
30
33
23
42
29
7
25
19
52
35
49
48
32
34
6
5
27
24
37
16
28
15
21
41
9
36
3
47
56
4
26
10
2
53
14
54
13
38
39
50
43
40
18
57
55
17
51
60
22
59
58
7
42
39
11
6
56
1
45
21
60
30
19
54
8
34
14
55
36
41
52
15
24
33
28
47
12
16
20
13
22
26
9
49
38
58
51
17
18
53
50
27
5
10
40
46
43
37
57
4
29
59
44
3
48
23
25
35
31
2
32
45
19
6
21
43
7
28
38
29
12
36
54
50
11
18
47
34
55
40
33
1
31
15
39
44
22
52
3
37
23
16
27
46
25
53
30
10
60
49
13
9
35
58
2
20
14
5
26
48
51
32
57
42
56
59
41
17
24
8
4
9
37
27
53
4
47
17
22
16
49
20
46
24
38
60
10
42
44
3
55
52
50
35
2
51
59
18
5
39
40
36
25
57
58
13
1
54
7
6
12
21
34
28
31
45
15
8
23
33
30
11
19
43
14
32
56
48
41
29
26
21
6
38
22
28
34
36
57
56
44
1
26
40
7
16
46
20
53
32
25
59
42
3
45
48
14
12
4
27
41
37
19
55
30
24
31
51
39
9
8
17
47
60
11
23
35
15
13
29
50
58
5
54
52
33
43
10
49
18
2
22
28
59
42
56
49
37
39
1
19
40
32
2
47
9
18
16
21
26
43
36
17
10
41
20
29
11
38
51
25
50
7
24
53
15
23
6
58
46
35
57
8
5
34
13
27
52
45
12
54
30
31
48
60
55
3
14
4
33
44
23
36
50
16
22
3
60
53
55
47
10
51
58
33
11
15
21
35
7
2
57
38
49
34
42
43
56
12
54
45
19
29
5
27
14
24
48
31
13
30
52
26
37
17
25
6
44
9
8
59
28
46
4
18
20
32
39
40
41
1
52
16
21
40
3
19
4
56
34
14
35
49
53
31
41
32
54
43
47
26
12
5
60
24
18
30
29
44
55
50
58
20
42
13
48
37
36
2
10
9
33
1
7
45
22
39
59
11
51
23
15
25
17
38
46
28
27
57
6
8
16
13
25
55
2
27
50
43
45
42
11
20
52
37
14
38
32
12
51
8
28
34
1
48
57
5
39
7
3
10
9
24
19
17
49
36
53
30
41
60
29
4
23
58
40
44
56
35
54
33
46
47
18
22
15
59
26
21
31
6
53
20
33
34
27
43
57
42
22
59
23
36
9
28
30
21
48
11
37
24
35
16
19
51
39
13
14
55
44
1
29
32
54
47
31
46
18
49
17
41
15
50
26
38
2
58
6
60
40
12
25
7
56
8
52
10
5
45
4
3
14
26
7
58
12
20
18
24
25
43
5
42
56
52
59
28
8
13
60
30
55
33
27
19
4
50
34
17
23
39
49
40
22
3
10
54
21
35
1
38
41
45
57
44
32
29
47
48
31
46
53
2
9
6
37
15
16
36
11
51
33
5
8
38
41
12
6
16
42
24
19
11
44
23
28
56
30
22
46
53
27
14
9
55
49
3
35
59
4
21
25
17
32
10
60
7
39
51
57
34
45
13
31
47
36
1
18
40
15
2
50
52
20
58
29
26
43
37
54
48
8
46
41
43
7
60
21
54
26
5
17
58
45
44
57
20
9
32
22
16
49
4
51
36
1
56
2
52
33
47
13
10
59
6
11
18
55
34
14
3
38
25
29
30
48
40
27
50
23
37
24
35
19
31
39
53
12
28
15
42
12
29
5
41
46
22
11
55
31
18
21
16
32
48
45
35
1
60
2
19
58
3
37
44
28
17
50
33
40
52
42
13
15
23
9
4
14
57
25
49
39
53
47
24
43
36
54
27
30
6
38
51
59
26
7
8
56
34
20
10
20
9
56
57
24
4
10
40
37
41
14
2
18
50
54
43
49
29
13
36
31
48
52
1
27
38
19
15
35
42
6
26
7
39
17
25
58
23
3
33
59
60
12
51
55
34
11
32
16
8
44
30
28
45
47
22
53
46
21
5
40
23
58
15
9
46
25
29
20
2
55
44
59
41
21
53
11
5
36
51
19
57
54
32
13
60
1
30
50
31
52
45
16
33
7
48
27
10
39
14
18
24
6
12
3
56
43
34
35
4
22
28
26
37
38
17
8
42
49
47
43
3
52
35
42
40
2
13
11
50
8
31
47
45
56
36
58
49
4
7
54
18
21
27
24
9
6
22
48
51
39
60
14
15
57
26
44
5
23
19
46
59
34
32
17
38
28
25
53
10
41
20
16
29
12
1
37
33
55
30
25
57
2
51
26
33
23
60
15
40
49
47
28
14
22
1
29
8
44
5
13
12
43
20
21
53
30
19
6
56
3
48
50
34
42
32
7
41
27
55
58
10
9
4
31
52
46
54
59
17
16
38
39
36
24
18
11
35
45
37
39
32
60
7
49
55
3
19
44
25
28
57
15
46
53
23
27
31
10
14
40
30
11
58
35
24
41
45
1
54
5
42
34
29
50
56
43
36
26
20
8
51
52
18
59
17
4
22
37
38
48
33
6
21
13
47
2
16
9
12
48
41
24
27
37
10
45
26
57
11
59
43
39
5
2
55
18
7
50
21
20
51
30
16
14
1
25
34
28
17
47
38
4
36
32
58
19
46
42
22
60
6
44
8
33
54
3
56
52
31
9
12
15
53
35
29
23
13
40
49
34
18
11
6
35
58
40
15
32
23
53
28
1
42
51
16
2
19
20
59
10
39
50
43
7
33
21
24
31
55
14
4
44
41
46
47
9
12
38
29
49
30
22
27
37
48
17
3
56
5
52
13
36
54
57
60
45
8
26
25
17
34
48
18
60
16
33
3
54
37
51
10
27
4
46
13
40
2
1
45
8
29
59
9
23
52
53
49
56
15
55
35
28
57
21
41
22
50
47
58
11
31
32
39
14
26
20
30
43
44
5
42
24
25
19
12
6
38
7
36
10
43
45
4
30
26
13
36
27
21
56
35
25
1
15
24
59
18
19
20
16
55
40
17
3
42
5
23
52
14
38
51
29
37
12
60
32
11
2
53
44
46
50
41
39
7
34
28
6
48
57
54
8
33
9
49
22
58
47
31
11
2
29
23
32
28
26
50
51
22
16
40
10
57
8
44
35
56
25
27
33
59
24
18
46
47
4
48
43
58
60
52
9
49
55
5
42
45
21
1
13
41
17
54
34
30
12
15
36
7
19
14
38
3
53
20
31
6
37
39
47
35
30
10
45
50
55
59
2
4
34
27
33
12
48
41
37
23
39
22
6
13
14
54
60
19
44
58
36
53
8
3
56
26
40
52
57
20
24
43
31
32
16
29
11
18
9
38
25
1
7
49
5
28
51
46
15
17
42
21
37
53
42
28
44
15
34
4
58
33
45
60
11
55
20
9
10
6
18
13
26
7
57
31
59
39
46
14
17
49
24
8
47
22
30
19
23
29
35
40
3
36
56
48
52
12
1
43
38
41
54
21
32
2
5
27
25
51
16
50
58
22
23
39
10
42
27
25
24
57
44
5
17
49
50
4
12
30
38
35
3
54
29
59
2
16
20
46
60
37
1
43
48
40
41
28
8
9
56
52
55
14
33
7
51
47
31
18
13
15
26
32
11
34
6
21
19
53
36
45
55
7
19
30
59
6
56
32
53
27
50
41
31
17
24
26
45
39
23
37
51
9
46
60
25
48
54
36
14
43
4
22
12
16
18
57
13
33
34
11
5
52
8
35
38
20
10
29
2
21
1
3
49
42
40
44
28
47
58
15
29
54
26
14
38
39
22
18
41
31
43
48
4
15
52
42
56
3
21
50
24
47
25
49
58
46
37
6
11
19
20
28
33
12
59
53
30
17
44
10
35
9
40
16
60
55
45
8
57
13
51
23
2
1
27
36
34
5
32
7
13
47
20
48
25
44
14
31
9
38
29
39
16
34
17
54
5
59
53
56
41
6
22
12
43
4
36
57
45
3
32
18
26
60
28
33
46
52
7
42
24
11
49
37
15
50
2
58
1
19
55
8
21
35
30
23
40
10
51
27
成功, 迭代次数: 1795195 | 迭代时间(s): 25.5296 | 迭代频率: 70318.1
