100000 22 30 0 22
200000 22 30 0 22
300000 22 30 0 22
400000 22 30 0 22
500000 22 30 0 22
600000 22 30 0 22
700000 22 30 0 22
800000 22 30 0 22
900000 22 30 0 22
1000000 22 30 0 22
1100000 22 30 0 22
1200000 22 30 0 22
1300000 22 30 0 22
1400000 22 30 0 22
1500000 22 30 0 22
1600000 22 30 0 22
1700000 22 30 0 22
1800000 22 30 0 22
1900000 22 30 0 22
2000000 21 30 0 21
2100000 19 30 0 19
2200000 19 30 0 19
2300000 19 30 0 19
2400000 19 30 0 19
2500000 18 30 0 18
2600000 18 30 0 18
2700000 17 30 0 17
2800000 17 30 0 17
2900000 17 30 0 17
3000000 17 30 0 17
3100000 17 30 0 17
3200000 13 30 0 12
3300000 12 30 0 12
3400000 7 30 0 6
3500000 4 30 1 3
3600000 4 30 0 3
3700000 4 30 0 3
3800000 5 30 0 3
3900000 6 30 0 3
4000000 4 30 0 3
4100000 4 30 0 3
4200000 4 30 0 3
4300000 3 30 0 2
4400000 3 30 1 2
4500000 3 30 0 2
4600000 3 30 1 2
4700000 3 30 0 2
4800000 4 30 0 2
4900000 3 30 0 2
5000000 3 30 1 2
5100000 3 30 -1 2
5200000 5 30 0 2
5300000 2 30 -1 2
5400000 3 30 0 2
5500000 2 30 0 2
5600000 2 30 -1 2
5700000 4 30 1 2
5800000 3 30 0 2
5900000 2 30 0 2
6000000 3 30 0 2
6100000 4 30 0 2
6200000 3 30 0 2
6300000 5 30 0 2
6400000 5 30 1 2
6500000 3 30 0 2
6600000 3 30 0 2
6700000 3 30 0 2
6800000 4 30 0 2
6900000 4 30 0 2
7000000 3 30 0 2
7100000 3 30 0 2
7200000 4 30 0 2
7300000 3 30 0 2
7400000 2 30 0 2
7500000 4 30 0 2
7600000 3 30 0 2
7700000 2 30 0 2
7800000 3 30 0 2
7900000 3 30 1 2
8000000 3 30 0 2
8100000 2 30 -1 2
8200000 3 30 0 2
8300000 4 30 0 2
8400000 3 30 0 2
8500000 2 30 -1 2
8600000 3 30 0 2
8700000 4 30 0 2
8800000 3 30 1 2
8900000 3 30 0 2
9000000 3 30 0 2
9100000 2 30 0 2
9200000 3 30 1 2
29
23
1
17
2
14
19
7
4
12
6
0
27
5
20
8
9
22
21
28
16
25
15
24
3
18
11
10
13
26
3
19
22
10
8
29
27
2
15
20
1
25
12
21
16
6
5
0
26
24
28
4
9
13
23
17
14
7
18
11
24
15
23
13
3
12
1
18
27
28
10
17
29
16
21
11
20
5
0
6
2
7
26
9
19
14
22
25
8
4
20
4
29
26
24
23
22
25
19
7
14
28
13
11
1
5
17
8
27
10
18
21
6
16
12
15
3
2
9
0
27
17
3
2
13
6
0
11
5
1
16
21
28
7
10
19
25
29
20
14
12
23
18
26
15
9
4
8
24
22
14
9
4
29
7
0
13
3
16
11
20
15
18
10
17
22
8
6
12
25
24
26
21
1
5
2
27
19
23
28
19
8
11
9
14
15
17
1
7
29
18
27
24
25
5
13
0
26
2
21
3
12
23
10
20
4
28
22
16
6
9
7
2
14
20
27
18
22
1
25
8
11
0
24
23
21
29
3
6
15
4
28
5
19
16
10
12
13
26
17
4
0
9
16
18
11
2
6
24
19
5
13
20
27
26
28
7
17
15
3
23
8
29
22
25
1
21
14
10
12
6
16
13
18
26
19
21
24
28
2
4
1
17
8
15
10
27
12
11
0
14
22
20
3
9
7
25
23
29
5
2
3
12
19
29
24
9
27
11
18
26
5
15
6
25
4
23
1
10
8
21
13
14
17
22
0
7
16
28
20
25
13
21
7
0
9
20
5
22
3
15
29
4
17
27
18
24
14
28
2
19
6
8
12
26
16
10
1
11
23
23
24
10
0
15
17
12
26
13
4
21
7
9
28
2
14
11
16
8
22
5
19
25
6
29
27
18
3
20
1
15
26
14
23
11
25
24
16
12
0
3
10
22
4
7
29
1
19
9
18
20
27
17
2
28
13
8
6
5
21
17
2
25
5
6
7
3
29
14
9
28
23
21
22
11
0
26
18
4
27
8
16
24
20
10
12
1
15
19
13
10
5
19
4
1
2
11
28
9
27
29
12
25
23
14
15
21
20
24
7
22
18
0
8
13
3
17
26
6
16
18
12
6
24
19
8
15
14
2
13
25
9
16
29
28
26
3
23
22
20
17
0
10
4
27
21
5
11
1
7
11
1
18
28
25
13
10
9
29
15
7
22
26
20
4
23
16
21
19
12
6
14
2
0
17
8
24
5
3
27
8
22
24
6
5
20
28
13
21
23
9
14
7
0
3
25
10
4
18
17
11
1
12
15
2
26
16
29
27
19
1
6
28
15
9
22
8
10
17
14
0
4
2
3
12
16
19
25
5
23
27
20
13
11
7
29
26
18
21
24
5
28
0
22
27
16
26
23
18
10
11
19
8
13
6
12
2
9
17
1
7
24
3
21
14
25
20
4
15
29
13
20
17
3
21
28
7
12
25
16
22
24
19
9
18
2
4
10
14
26
15
29
1
5
6
11
23
27
0
8
16
11
20
12
17
26
29
15
6
21
27
3
1
14
8
24
22
13
23
4
25
10
19
28
18
5
0
9
7
2
26
10
27
25
28
21
16
17
23
5
2
8
3
15
19
20
12
24
7
11
29
9
22
14
1
6
13
0
4
18
28
21
5
20
12
10
25
8
0
6
19
18
23
1
13
7
14
15
16
29
26
2
4
27
11
24
9
17
22
3
22
25
8
21
23
3
4
19
10
26
17
16
6
12
24
27
18
11
13
5
1
15
7
29
0
28
2
20
14
9
7
27
15
8
10
4
5
20
26
24
23
6
11
18
22
17
13
2
1
9
0
3
16
25
21
19
29
28
12
14
21
29
7
11
22
1
14
4
20
17
12
26
10
2
0
9
6
27
3
16
13
5
28
18
8
23
19
24
25
15
12
18
26
27
16
5
6
0
3
8
24
20
14
19
29
1
28
7
25
13
9
17
11
23
4
22
15
21
2
10
0
14
16
1
4
18
23
21
8
22
13
2
5
26
9
3
15
28
29
19
10
11
27
7
24
20
6
12
17
25
成功,迭代次数9283667  迭代时间(s)26.8347迭代频率345957
