0
1
2
3
4
5
6
7
8
9
10
11
12
13
14
15
16
17
1
2
3
4
5
6
7
8
9
10
11
12
13
14
15
16
17
0
2
3
12
5
6
7
8
9
10
11
4
13
14
15
16
17
0
1
3
4
5
6
7
8
9
10
11
12
13
14
15
16
17
0
1
2
13
5
6
7
8
9
10
11
12
4
14
15
16
17
0
1
2
3
5
6
7
8
9
10
11
1
13
14
15
16
17
0
12
2
3
4
6
7
8
9
10
11
12
13
14
15
16
17
0
1
2
3
4
5
7
8
9
10
11
12
13
14
15
16
17
0
1
2
3
4
5
6
8
9
15
11
12
13
14
5
16
17
0
1
2
3
4
10
6
7
9
10
11
12
13
14
15
16
17
0
5
2
3
4
1
6
7
8
12
11
10
13
14
15
16
17
0
1
2
3
4
5
6
7
8
9
11
12
13
14
15
16
17
0
1
2
3
4
5
6
7
8
9
10
4
13
14
15
16
17
0
12
2
3
1
5
6
7
8
9
10
11
10
14
4
16
17
0
1
2
3
13
12
6
7
8
9
5
11
15
14
15
16
17
0
1
2
3
4
5
6
7
8
9
10
11
12
13
15
16
17
0
1
2
3
4
5
6
7
8
9
10
11
12
13
14
16
17
0
1
2
3
4
15
6
7
8
9
10
11
5
13
14
12
17
0
1
2
3
4
5
6
7
8
9
10
11
12
13
14
15
16
成功,迭代次数4185  迭代时间(s)0.009295迭代频率450242
