100000 31 60 0 31
200000 31 60 0 31
300000 31 60 0 31
400000 31 60 0 31
500000 31 60 0 31
600000 31 60 0 31
700000 31 60 0 31
800000 31 60 0 31
900000 31 60 0 31
1000000 31 60 0 31
1100000 31 60 0 31
1200000 31 60 0 31
1300000 31 60 0 31
1400000 31 60 0 31
1500000 31 60 0 31
1600000 31 60 0 31
1700000 31 60 0 31
1800000 31 60 0 31
1900000 31 60 0 31
2000000 31 60 0 31
2100000 28 60 0 28
2200000 27 60 0 27
2300000 27 60 0 27
2400000 27 60 0 27
2500000 27 60 0 27
2600000 27 60 0 27
2700000 27 60 0 27
2800000 27 60 0 27
2900000 27 60 0 27
3000000 27 60 0 27
3100000 27 60 0 27
3200000 27 60 0 27
3300000 27 60 0 27
3400000 27 60 0 27
3500000 27 60 0 27
3600000 27 60 0 27
3700000 27 60 0 27
3800000 27 60 0 27
3900000 27 60 0 27
4000000 27 60 0 27
4100000 27 60 0 27
4200000 27 60 0 27
4300000 27 60 0 27
4400000 27 60 0 27
4500000 27 60 0 27
4600000 27 60 0 27
4700000 27 60 0 27
4800000 25 60 0 25
4900000 25 60 0 25
5000000 25 60 0 25
5100000 25 60 0 25
5200000 24 60 0 24
5300000 19 60 0 19
5400000 19 60 0 19
5500000 19 60 0 19
5600000 16 60 0 16
5700000 16 60 0 16
5800000 16 60 0 16
5900000 16 60 0 16
6000000 16 60 0 16
6100000 11 60 0 11
6200000 8 60 0 8
6300000 8 60 1 7
6400000 8 60 0 6
6500000 5 60 0 4
6600000 3 60 0 2
1
13
42
11
25
24
33
34
47
5
56
2
40
15
28
39
52
29
14
43
49
20
31
32
37
48
12
55
8
50
35
57
44
58
6
23
36
51
26
0
46
53
7
30
17
18
38
45
9
54
41
16
27
19
10
3
4
22
21
59
5
30
50
8
38
7
11
27
13
36
24
54
37
58
16
25
3
49
56
21
29
1
47
55
44
6
48
17
53
59
33
9
10
12
4
28
14
41
18
42
35
51
26
31
57
2
34
32
52
19
46
40
39
22
43
15
20
0
45
23
58
44
17
3
39
10
52
8
29
34
25
42
7
12
2
48
16
56
38
47
6
18
30
20
33
43
14
36
37
35
23
45
9
55
28
21
59
24
0
40
53
26
50
1
46
51
31
13
4
15
11
5
41
57
49
54
27
19
32
22
0
29
49
45
19
16
40
48
11
25
23
20
57
26
39
18
22
46
53
2
8
35
37
38
34
3
27
41
21
31
47
4
52
42
7
54
17
44
14
36
30
15
12
32
28
43
50
33
55
51
6
9
24
13
58
10
1
59
56
5
6
3
9
58
14
56
45
42
59
33
1
8
4
24
37
10
32
44
36
28
52
30
55
41
35
31
26
57
40
34
50
49
43
47
2
12
23
5
21
27
39
17
19
0
18
7
22
15
13
25
16
38
11
46
20
53
48
29
51
54
26
9
48
23
8
58
1
47
5
0
13
16
56
54
30
2
50
24
55
15
3
52
35
6
7
25
46
28
57
4
27
53
22
20
19
37
49
18
42
17
29
31
44
10
11
45
36
40
12
21
14
59
32
39
41
38
43
51
34
33
19
42
15
18
31
36
7
17
34
44
2
29
6
10
5
50
4
22
16
33
12
24
25
56
21
0
57
38
58
37
53
40
51
3
26
1
8
14
20
11
59
48
41
39
9
32
28
46
23
52
43
49
54
45
30
35
13
47
27
55
44
23
0
40
17
37
34
18
32
12
14
21
42
35
10
11
51
15
29
6
20
43
7
49
22
53
9
25
19
1
58
50
5
8
46
48
27
54
4
24
33
28
13
45
52
47
26
56
31
2
59
36
55
16
57
30
3
41
38
39
50
59
8
2
15
52
31
1
58
53
21
51
36
23
4
44
13
39
54
11
34
0
57
9
55
35
7
22
56
25
29
46
27
19
37
41
10
47
30
3
28
18
33
49
32
12
20
48
43
17
42
45
5
38
24
40
6
14
26
16
59
55
36
6
47
4
13
53
39
46
45
11
50
17
42
29
14
5
44
41
33
21
38
2
52
58
56
20
7
3
22
43
30
51
12
26
28
1
54
16
31
0
23
27
25
15
35
8
57
40
19
10
9
48
32
18
49
24
37
34
30
54
12
36
46
28
55
43
14
40
37
6
5
34
9
51
2
20
13
45
58
11
19
29
39
4
59
48
38
8
10
22
1
56
24
44
32
15
47
26
3
16
0
21
23
41
18
52
33
31
35
42
53
50
27
49
17
25
57
7
34
57
31
22
54
9
23
0
45
28
38
3
59
2
32
4
5
25
7
49
36
15
41
39
46
27
42
30
20
19
44
52
35
26
48
43
1
37
24
14
55
47
18
8
53
10
21
6
50
56
33
58
12
51
16
13
29
17
11
40
53
58
27
30
24
31
19
20
22
15
46
36
47
14
35
6
37
3
33
10
13
45
1
52
28
57
25
34
11
12
9
48
26
50
32
42
2
7
17
56
0
39
8
18
43
4
54
23
16
38
5
55
59
29
40
41
21
49
44
51
37
8
13
25
4
20
43
29
7
45
6
17
12
55
34
24
27
47
10
0
21
38
44
22
31
36
53
42
2
28
26
54
41
9
5
11
39
56
51
35
52
32
14
59
16
48
49
19
46
50
3
30
57
40
15
23
33
1
18
58
48
51
18
44
35
17
28
4
9
8
3
27
22
52
14
32
43
26
50
16
42
39
0
7
36
46
40
37
6
56
45
10
24
23
47
5
34
31
29
38
11
2
54
12
41
30
59
20
21
57
13
15
33
58
25
1
19
55
49
53
25
36
39
1
10
26
41
51
16
2
34
7
35
44
31
56
8
19
30
29
28
57
15
12
20
5
52
40
46
43
6
58
0
54
3
50
24
42
53
9
27
22
47
14
55
21
11
4
38
33
17
37
13
18
48
32
45
23
59
49
18
47
33
55
34
1
59
45
12
16
53
13
20
37
57
58
30
35
23
17
2
19
24
10
51
44
54
15
31
9
36
14
29
41
22
49
48
0
7
4
42
11
38
56
40
27
39
50
6
26
32
3
43
25
21
5
46
8
28
52
21
5
59
35
20
43
58
22
18
14
31
49
19
38
52
26
23
1
11
57
51
25
4
34
30
56
16
12
27
32
55
29
2
28
50
39
37
8
40
46
54
36
42
9
0
44
24
3
41
48
7
17
45
6
47
33
53
10
13
15
40
26
44
0
22
48
14
57
46
47
5
38
23
9
17
1
59
45
51
50
43
34
54
30
16
28
6
52
41
10
42
36
37
7
55
33
15
13
35
39
19
21
20
24
56
3
25
18
8
27
2
53
29
49
4
11
58
31
12
32
17
24
46
26
52
12
38
7
51
57
18
23
13
1
33
55
56
41
45
14
22
36
10
0
9
30
2
59
48
58
20
32
39
4
43
19
53
27
49
6
47
42
16
35
15
31
40
5
25
8
28
54
34
3
44
29
37
11
50
21
29
14
16
4
55
8
37
56
38
19
12
26
54
47
48
36
35
33
0
18
46
22
58
59
53
34
49
39
44
15
40
24
17
43
21
10
51
3
28
50
20
41
45
5
6
52
32
11
42
30
1
13
2
23
7
57
31
9
25
27
41
16
56
39
51
40
53
19
17
3
7
55
25
29
18
49
20
27
58
31
44
14
11
24
15
50
37
5
23
33
21
2
59
13
38
9
4
46
32
47
6
43
1
42
26
22
48
30
54
34
12
8
36
10
35
45
0
57
52
28
42
12
45
51
32
53
6
13
20
52
35
0
48
50
54
59
1
57
15
22
37
44
17
36
18
40
41
8
14
23
39
30
16
34
31
47
29
21
33
49
25
19
5
55
4
56
3
43
7
10
58
46
38
26
9
27
2
28
24
11
4
48
14
32
16
30
25
36
37
31
26
58
33
42
3
8
28
50
41
38
10
59
40
51
54
2
44
6
29
39
57
15
49
46
53
7
11
34
19
22
1
23
35
52
5
9
56
27
45
24
20
21
0
55
12
47
18
13
43
17
2
0
11
31
30
35
4
40
50
24
59
32
34
53
36
20
15
9
37
8
1
26
12
46
13
10
38
27
18
17
3
56
19
33
42
14
41
25
58
43
5
57
29
51
49
23
55
16
48
39
44
47
21
52
28
6
7
54
22
45
49
10
32
7
56
23
57
5
48
54
28
14
21
31
12
47
45
40
26
46
24
42
16
4
41
9
50
1
25
27
43
3
38
6
51
36
44
35
15
30
13
37
17
20
33
59
29
58
19
55
34
52
22
11
0
39
8
53
2
18
14
49
3
43
50
51
21
33
23
27
17
46
45
57
24
30
25
16
8
54
59
10
22
37
6
32
31
53
28
26
34
55
7
0
36
13
19
58
39
1
40
5
2
38
29
20
52
9
11
44
48
41
47
15
42
4
12
18
35
56
56
43
53
15
18
29
27
11
35
38
57
12
2
39
0
16
21
14
47
5
55
9
32
25
8
19
58
7
24
6
52
1
28
30
44
34
33
26
10
45
49
20
40
48
3
50
13
51
17
41
22
23
46
31
59
36
54
42
4
37
23
39
54
49
53
0
48
50
4
22
51
5
11
13
41
38
19
37
42
40
45
7
3
14
29
20
24
46
17
47
32
21
6
27
34
16
52
2
44
31
36
56
15
58
12
25
57
1
18
59
9
26
28
43
55
8
35
30
33
10
33
32
52
59
12
38
47
9
42
35
41
19
18
5
25
28
46
36
48
53
23
55
39
21
11
16
22
0
1
45
56
13
57
31
54
30
40
20
50
58
15
27
37
3
7
24
6
17
10
49
26
44
14
4
2
34
51
43
29
8
7
11
43
19
0
57
30
10
26
29
32
22
41
28
6
33
18
51
34
48
47
17
8
5
4
39
23
2
15
36
14
20
40
37
35
27
46
55
3
25
9
45
52
13
54
16
1
38
49
42
31
50
56
24
53
44
59
21
58
12
35
41
38
10
1
55
0
44
33
56
29
24
53
7
40
13
54
23
59
32
14
58
6
27
2
11
15
19
12
21
25
8
20
49
30
46
57
36
52
5
26
4
9
47
45
42
37
39
3
28
18
43
48
17
22
51
34
50
16
31
10
18
35
20
42
6
24
37
28
11
44
53
49
19
38
21
33
54
5
30
0
23
14
45
43
17
32
31
36
22
51
26
48
39
58
29
55
59
27
12
8
34
57
25
50
13
4
41
47
1
15
56
40
2
52
9
16
46
7
3
8
20
26
13
3
59
16
21
15
48
19
45
55
0
47
9
24
43
2
35
11
49
34
1
50
37
17
4
52
5
30
51
56
57
25
58
54
38
12
53
41
33
27
6
44
14
7
22
32
23
10
18
42
36
31
46
28
40
39
29
20
38
37
21
27
33
2
12
55
43
47
25
39
51
49
7
40
58
31
24
17
41
5
44
10
13
45
32
3
11
15
19
54
29
23
8
50
6
57
59
16
52
53
26
22
34
14
36
28
35
30
4
18
56
46
42
9
48
0
1
43
27
58
41
28
21
36
38
0
10
30
31
1
46
20
15
55
18
25
37
35
16
9
40
19
47
51
24
50
49
11
6
23
45
14
22
42
57
8
34
56
7
4
33
48
26
5
12
44
53
29
39
52
59
54
2
32
3
17
13
22
35
30
17
21
2
39
52
54
55
9
50
28
32
46
14
41
34
6
1
56
37
48
33
49
42
8
11
26
44
18
59
4
10
13
20
38
23
45
29
51
25
36
16
24
5
43
0
15
58
27
7
3
53
19
31
47
12
40
57
51
15
20
37
2
18
3
55
19
13
11
48
52
30
56
31
17
42
46
4
39
33
27
28
23
29
47
49
54
7
16
12
50
24
59
0
22
53
9
8
57
1
6
44
21
38
58
10
40
32
36
35
25
41
45
43
26
34
5
14
15
4
24
54
5
3
49
32
43
41
10
18
51
36
13
37
6
11
28
7
27
31
59
47
56
1
19
26
9
2
8
23
12
16
40
35
0
29
48
52
38
44
22
57
39
55
42
34
53
46
45
33
17
21
14
58
50
20
30
25
52
19
5
46
13
42
56
41
21
58
22
35
8
27
29
17
47
10
4
23
31
32
33
50
38
12
28
54
43
0
1
34
53
18
57
45
9
48
16
55
14
49
25
37
20
36
15
59
39
11
24
6
30
7
51
26
40
44
3
2
13
25
6
57
11
19
17
23
44
42
4
41
29
59
58
27
49
0
32
51
54
3
26
18
40
7
33
16
22
38
48
39
21
2
9
53
20
12
36
37
24
55
56
43
31
28
46
47
30
45
52
1
8
5
34
14
15
35
10
50
32
56
7
28
40
11
51
15
41
9
54
10
43
22
27
23
29
21
39
52
26
13
2
3
48
14
34
58
4
20
24
16
18
44
1
6
35
45
55
33
50
12
30
46
38
0
17
31
59
5
49
57
19
8
37
25
42
36
53
47
3
45
40
42
6
54
20
59
25
4
8
57
9
43
15
19
7
31
21
26
48
53
50
13
0
55
1
51
32
46
12
18
58
5
10
17
16
33
56
2
37
24
28
29
35
39
47
49
22
36
23
34
44
30
38
52
11
27
14
41
47
28
4
52
45
5
10
54
49
17
20
15
31
56
44
34
0
59
1
3
57
2
36
43
27
21
30
18
39
51
41
11
14
22
8
38
13
50
25
48
32
40
46
23
42
35
53
26
29
16
37
24
58
12
6
7
55
33
19
9
9
37
55
56
23
46
22
39
36
6
0
1
17
8
53
40
48
28
12
27
30
47
51
35
26
38
18
3
34
41
5
25
42
14
16
15
31
43
2
32
58
59
11
50
19
33
10
54
24
7
57
29
49
44
13
21
52
45
20
4
39
6
57
14
7
45
5
28
24
37
42
43
58
40
8
52
10
4
35
34
18
56
53
31
12
59
0
29
49
30
17
44
15
32
33
55
26
9
38
13
22
54
51
11
36
19
23
25
20
3
21
27
50
47
1
16
41
2
48
46
12
2
51
34
33
44
29
26
10
49
16
30
46
18
55
35
57
48
3
39
53
6
20
23
17
8
5
21
47
42
38
31
13
52
56
25
43
4
22
7
45
58
59
41
1
37
27
24
14
9
40
19
15
28
11
50
36
32
54
0
11
22
1
50
37
32
18
46
3
39
48
56
27
20
21
0
38
7
43
59
41
51
42
19
14
52
29
33
5
24
2
47
45
25
15
31
6
40
13
57
44
9
34
17
30
49
8
53
58
4
54
28
16
35
23
12
10
26
55
36
38
31
34
12
48
47
42
6
56
18
27
28
14
45
11
22
26
30
9
13
16
29
46
54
5
23
10
44
0
53
4
41
33
1
49
24
25
52
59
19
7
50
3
2
58
40
51
21
36
37
39
32
35
20
17
55
57
15
8
43
27
40
23
9
36
22
44
58
30
1
39
52
38
4
59
54
12
6
49
20
19
50
29
15
32
45
13
10
33
16
46
37
3
35
0
57
18
17
41
21
34
14
24
7
47
53
2
55
51
43
8
11
26
42
5
28
25
56
31
48
55
17
10
5
57
39
15
14
31
51
52
33
0
41
50
46
53
32
19
58
9
27
49
26
25
54
20
23
30
18
13
35
36
40
45
3
47
11
43
28
48
29
21
4
8
1
16
2
34
22
38
12
6
37
56
59
44
7
42
24
16
33
47
48
41
15
32
2
53
59
50
9
26
3
45
12
39
38
57
56
7
28
18
42
58
51
11
43
55
14
54
0
34
17
52
40
21
49
46
20
10
30
31
22
13
8
19
44
27
29
4
25
23
1
36
24
5
37
6
35
45
50
21
53
29
25
12
35
2
20
55
34
24
48
26
42
58
17
18
9
15
54
52
16
3
41
4
14
51
13
37
28
31
36
11
59
30
10
1
44
43
38
49
40
27
6
33
57
5
47
56
22
7
32
8
0
23
39
46
19
31
1
28
16
58
13
50
49
27
21
15
39
10
25
7
43
34
52
24
44
32
40
23
17
45
26
3
47
42
57
59
33
8
48
20
4
56
22
11
54
12
46
55
53
2
29
41
14
35
6
51
0
37
9
18
19
30
5
36
38
46
34
29
24
26
49
54
30
1
23
33
44
32
11
22
57
36
8
40
25
5
12
13
53
59
18
43
9
35
52
7
42
55
38
39
51
3
19
31
15
21
6
58
28
10
17
45
37
2
0
47
48
4
27
50
56
14
16
41
20
36
52
41
27
43
14
26
3
57
32
40
59
44
6
1
45
9
55
22
12
25
4
56
8
47
24
39
50
16
48
49
7
46
21
29
18
5
28
34
23
2
35
10
19
51
11
0
42
37
13
53
20
31
54
33
17
38
58
15
30
57
21
22
38
9
27
8
24
6
50
43
4
16
49
19
3
11
12
17
42
40
48
28
58
1
15
55
45
59
54
0
5
47
53
41
2
7
39
37
51
18
13
32
36
34
46
30
35
26
14
25
31
10
33
29
20
56
52
23
44
54
7
19
29
59
41
46
25
52
26
49
40
30
16
23
5
44
53
27
36
50
8
45
57
24
33
21
35
13
55
31
17
11
15
18
56
12
32
6
10
4
3
43
34
37
58
9
28
1
20
0
2
51
14
39
48
22
38
47
42
28
53
25
33
49
34
35
31
40
30
58
47
3
21
51
41
42
2
20
55
38
46
43
48
57
22
36
13
10
29
19
27
32
11
17
52
45
16
5
18
23
8
39
15
59
54
44
7
56
12
50
14
1
0
26
37
24
4
9
6
24
46
2
47
44
50
9
16
8
7
36
37
15
33
43
53
31
13
52
19
4
5
21
11
42
49
35
56
45
40
28
38
25
59
27
32
58
30
23
41
17
10
48
54
14
57
12
29
0
18
55
51
20
34
3
22
39
6
1
26
成功,迭代次数6646921  迭代时间(s)98.9735迭代频率67158.6
