100000 30 40 0 30
200000 30 40 0 30
300000 30 40 0 30
400000 30 40 0 30
500000 30 40 0 30
600000 30 40 0 30
700000 30 40 0 30
800000 30 40 0 30
900000 30 40 0 30
1000000 30 40 0 30
1100000 30 40 0 30
1200000 30 40 0 30
1300000 30 40 0 30
1400000 30 40 0 30
1500000 30 40 0 30
1600000 30 40 0 30
1700000 30 40 0 30
1800000 30 40 0 30
1900000 30 40 0 30
2000000 30 40 0 30
2100000 30 40 0 30
2200000 30 40 0 30
2300000 30 40 0 30
2400000 30 40 0 30
2500000 30 40 0 30
2600000 30 40 0 30
2700000 29 40 0 29
2800000 29 40 0 29
2900000 29 40 0 29
3000000 29 40 0 29
3100000 29 40 0 29
3200000 28 40 0 28
3300000 28 40 0 28
3400000 28 40 0 28
3500000 28 40 0 28
3600000 28 40 0 28
3700000 28 40 0 28
3800000 28 40 0 28
3900000 28 40 0 28
4000000 28 40 0 28
4100000 28 40 0 28
4200000 28 40 0 28
4300000 28 40 0 28
4400000 28 40 0 28
4500000 28 40 0 28
4600000 28 40 0 28
4700000 27 40 0 27
4800000 27 40 0 27
4900000 27 40 0 27
5000000 27 40 0 27
5100000 27 40 0 27
5200000 27 40 0 27
5300000 27 40 0 27
5400000 27 40 0 27
5500000 27 40 0 27
5600000 27 40 0 27
5700000 27 40 0 27
5800000 27 40 0 27
5900000 24 40 0 24
6000000 23 40 0 23
6100000 23 40 0 23
6200000 23 40 0 23
6300000 23 40 0 23
6400000 22 40 0 22
6500000 21 40 0 21
6600000 21 40 0 21
6700000 21 40 0 21
6800000 20 40 0 20
6900000 20 40 0 19
7000000 20 40 0 19
7100000 19 40 0 19
7200000 19 40 0 19
7300000 18 40 0 18
7400000 17 40 0 17
7500000 16 40 0 16
7600000 16 40 0 16
7700000 16 40 0 16
7800000 16 40 0 16
7900000 15 40 0 15
8000000 15 40 0 15
8100000 15 40 0 15
8200000 14 40 0 14
8300000 14 40 0 14
8400000 14 40 0 14
8500000 14 40 0 14
8600000 15 40 0 14
8700000 15 40 0 14
8800000 15 40 0 14
8900000 14 40 0 14
9000000 15 40 0 14
9100000 14 40 0 14
9200000 14 40 0 14
9300000 14 40 0 14
9400000 14 40 0 14
9500000 14 40 0 14
9600000 14 40 0 14
9700000 14 40 0 14
9800000 14 40 0 14
9900000 14 40 0 14
10000000 14 40 0 14
10100000 15 40 0 14
10200000 15 40 0 14
10300000 14 40 0 14
10400000 15 40 0 14
10500000 14 40 0 14
10600000 14 40 0 14
10700000 15 40 0 14
10800000 15 40 0 14
10900000 14 40 0 14
11000000 14 40 0 14
11100000 14 40 0 14
11200000 14 40 0 14
11300000 14 40 0 14
11400000 14 40 0 14
11500000 13 40 0 13
11600000 14 40 0 13
11700000 14 40 0 13
11800000 15 40 0 13
11900000 14 40 0 13
12000000 13 40 0 13
12100000 13 40 0 13
12200000 13 40 0 13
12300000 14 40 0 13
12400000 14 40 0 13
12500000 13 40 0 13
12600000 14 40 0 13
12700000 13 40 0 13
12800000 13 40 0 13
12900000 13 40 0 13
13000000 13 40 0 13
13100000 13 40 0 13
13200000 14 40 0 13
13300000 16 40 0 13
13400000 15 40 1 13
13500000 14 40 0 13
13600000 14 40 0 13
13700000 14 40 0 13
13800000 13 40 0 13
13900000 14 40 0 13
14000000 13 40 0 12
14100000 13 40 0 12
14200000 13 40 0 12
14300000 14 40 0 12
14400000 13 40 0 12
14500000 13 40 0 12
14600000 13 40 0 12
14700000 13 40 0 12
14800000 13 40 0 12
14900000 13 40 0 12
15000000 13 40 0 12
15100000 13 40 0 12
15200000 13 40 0 12
15300000 12 40 0 12
15400000 12 40 -1 12
15500000 12 40 0 11
15600000 13 40 0 11
15700000 11 40 0 11
15800000 12 40 1 11
15900000 12 40 0 11
16000000 11 40 0 11
16100000 11 40 0 11
16200000 11 40 0 11
16300000 11 40 0 11
16400000 11 40 0 11
16500000 11 40 0 11
16600000 11 40 0 11
16700000 13 40 0 11
16800000 12 40 0 11
16900000 12 40 0 11
17000000 12 40 0 11
17100000 12 40 0 11
17200000 13 40 0 11
17300000 11 40 0 10
17400000 10 40 0 10
17500000 11 40 0 9
17600000 9 40 0 9
17700000 10 40 0 9
17800000 10 40 0 9
17900000 9 40 0 9
18000000 9 40 0 9
18100000 10 40 0 9
18200000 9 40 0 9
18300000 9 40 0 9
18400000 10 40 0 9
18500000 8 40 0 8
18600000 10 40 0 8
18700000 8 40 0 8
18800000 9 40 0 8
18900000 8 40 0 8
19000000 8 40 0 8
19100000 8 40 0 8
19200000 8 40 0 8
19300000 8 40 0 8
19400000 8 40 0 8
19500000 8 40 -1 8
19600000 10 40 0 8
19700000 9 40 0 8
19800000 10 40 0 8
19900000 10 40 0 8
20000000 11 40 0 8
20100000 9 40 0 8
20200000 10 40 0 8
20300000 8 40 0 8
20400000 7 40 0 7
20500000 7 40 -1 7
20600000 8 40 1 7
20700000 7 40 0 7
20800000 7 40 0 7
20900000 8 40 0 7
21000000 7 40 0 7
21100000 7 40 0 7
21200000 8 40 0 7
21300000 7 40 0 7
21400000 8 40 1 7
21500000 7 40 0 7
21600000 8 40 0 7
21700000 8 40 0 7
21800000 7 40 0 7
21900000 8 40 0 7
22000000 7 40 0 7
22100000 7 40 -1 7
22200000 8 40 0 7
22300000 7 40 0 7
22400000 9 40 0 7
22500000 8 40 0 7
22600000 8 40 0 7
22700000 8 40 1 7
22800000 8 40 0 7
22900000 8 40 0 7
23000000 8 40 0 7
23100000 9 40 0 7
23200000 9 40 0 7
23300000 8 40 0 7
23400000 7 40 0 7
23500000 9 40 0 7
23600000 9 40 0 7
23700000 10 40 0 7
23800000 9 40 0 7
23900000 7 40 0 7
24000000 7 40 0 7
24100000 8 40 0 7
24200000 8 40 0 7
24300000 9 40 0 7
24400000 8 40 0 7
24500000 8 40 1 7
24600000 8 40 1 7
24700000 7 40 0 7
24800000 9 40 0 7
24900000 10 40 0 7
25000000 8 40 -1 7
25100000 8 40 0 7
25200000 8 40 0 7
25300000 8 40 0 7
25400000 8 40 1 7
25500000 9 40 0 7
25600000 7 40 0 7
25700000 7 40 0 7
25800000 8 40 0 7
25900000 8 40 0 7
26000000 8 40 0 7
26100000 9 40 0 7
26200000 9 40 0 7
26300000 9 40 0 7
26400000 8 40 0 5
26500000 6 40 0 5
26600000 6 40 0 5
26700000 5 40 0 4
26800000 6 40 1 4
26900000 5 40 -1 4
27000000 5 40 0 4
27100000 5 40 0 4
27200000 5 40 0 4
27300000 4 40 0 4
27400000 5 40 -1 4
27500000 5 40 0 4
27600000 6 40 1 4
27700000 5 40 1 4
27800000 6 40 0 4
27900000 5 40 0 4
28000000 5 40 0 4
28100000 6 40 0 4
28200000 5 40 0 4
28300000 4 40 0 4
28400000 5 40 0 4
28500000 6 40 0 4
28600000 4 40 0 4
28700000 5 40 0 4
28800000 5 40 1 4
28900000 5 40 0 4
29000000 4 40 0 4
29100000 5 40 0 4
29200000 5 40 0 4
29300000 6 40 0 4
29400000 5 40 0 4
29500000 6 40 0 4
29600000 6 40 0 4
29700000 5 40 -1 4
29800000 5 40 0 4
29900000 4 40 -1 4
30000000 4 40 0 4
30100000 7 40 0 4
30200000 5 40 0 4
30300000 5 40 0 4
30400000 4 40 -1 4
30500000 6 40 1 4
30600000 6 40 0 4
30700000 4 40 0 4
30800000 5 40 0 4
30900000 5 40 0 4
31000000 4 40 0 4
31100000 4 40 -1 4
31200000 5 40 0 4
31300000 5 40 1 4
31400000 4 40 0 4
31500000 6 40 0 4
31600000 6 40 0 4
31700000 6 40 0 4
31800000 5 40 0 4
31900000 5 40 0 4
32000000 4 40 0 4
32100000 5 40 0 4
32200000 5 40 0 4
32300000 6 40 1 4
32400000 5 40 0 4
32500000 5 40 0 4
32600000 4 40 0 4
32700000 4 40 0 4
32800000 5 40 1 4
32900000 4 40 -1 4
33000000 4 40 0 4
33100000 6 40 0 4
33200000 6 40 0 4
33300000 5 40 0 4
33400000 5 40 0 4
33500000 4 40 0 4
33600000 5 40 0 4
33700000 6 40 1 4
33800000 4 40 -1 4
33900000 5 40 1 4
34000000 5 40 0 4
34100000 6 40 0 4
34200000 4 40 0 4
34300000 4 40 -1 4
34400000 5 40 0 4
34500000 5 40 0 4
34600000 7 40 0 4
34700000 6 40 0 4
34800000 4 40 0 4
34900000 4 40 0 4
35000000 6 40 0 4
35100000 4 40 0 4
35200000 5 40 0 4
35300000 5 40 0 4
35400000 6 40 0 4
35500000 5 40 0 4
35600000 4 40 0 4
35700000 4 40 0 4
35800000 4 40 0 4
35900000 6 40 0 4
36000000 5 40 0 4
36100000 5 40 0 4
36200000 5 40 0 4
36300000 6 40 1 4
36400000 5 40 0 4
36500000 5 40 0 4
36600000 5 40 0 4
36700000 5 40 1 4
36800000 4 40 0 4
36900000 4 40 -1 4
37000000 4 40 0 4
37100000 5 40 0 4
37200000 4 40 0 4
37300000 4 40 0 4
37400000 4 40 -1 4
37500000 5 40 0 4
37600000 6 40 0 4
37700000 4 40 0 4
37800000 4 40 0 4
37900000 7 40 0 4
38000000 5 40 1 4
38100000 5 40 1 4
38200000 4 40 0 4
38300000 4 40 -1 4
38400000 6 40 0 4
38500000 5 40 0 4
38600000 4 40 -1 4
38700000 5 40 0 4
38800000 5 40 -1 4
38900000 4 40 0 4
39000000 4 40 0 4
39100000 5 40 0 4
39200000 5 40 0 4
39300000 5 40 1 4
39400000 5 40 1 4
39500000 4 40 0 4
39600000 4 40 -1 4
39700000 5 40 0 4
39800000 5 40 0 4
39900000 5 40 0 4
40000000 6 40 0 4
40100000 5 40 0 4
40200000 4 40 0 4
40300000 4 40 -1 4
40400000 4 40 0 4
40500000 4 40 0 4
40600000 4 40 0 4
40700000 4 40 0 4
40800000 5 40 0 4
40900000 6 40 0 4
41000000 5 40 0 4
41100000 5 40 0 4
41200000 5 40 0 4
41300000 6 40 0 4
41400000 5 40 0 4
41500000 5 40 0 4
41600000 7 40 0 4
41700000 7 40 0 4
41800000 7 40 0 4
41900000 7 40 1 4
42000000 7 40 1 4
42100000 7 40 1 4
42200000 6 40 0 4
42300000 6 40 -1 4
42400000 6 40 0 4
42500000 5 40 0 4
42600000 6 40 0 4
42700000 6 40 0 4
42800000 5 40 0 4
42900000 5 40 0 4
43000000 5 40 0 4
43100000 6 40 0 4
43200000 5 40 -1 4
43300000 6 40 0 4
43400000 6 40 0 4
43500000 4 40 0 4
43600000 5 40 0 4
43700000 5 40 0 4
43800000 5 40 1 4
43900000 4 40 0 4
44000000 4 40 0 4
44100000 5 40 0 4
44200000 5 40 0 4
44300000 5 40 0 4
44400000 5 40 1 4
44500000 4 40 0 4
44600000 5 40 0 4
44700000 4 40 0 4
44800000 5 40 0 4
44900000 4 40 0 4
45000000 5 40 0 4
45100000 4 40 0 4
45200000 6 40 0 4
45300000 6 40 0 4
45400000 4 40 0 4
45500000 5 40 0 4
45600000 5 40 0 4
45700000 5 40 0 4
45800000 5 40 1 4
45900000 4 40 0 4
46000000 4 40 0 4
46100000 5 40 1 4
46200000 5 40 0 4
46300000 5 40 0 4
46400000 4 40 0 3
46500000 4 40 0 3
46600000 4 40 0 3
46700000 3 40 0 3
46800000 4 40 0 3
46900000 4 40 0 3
47000000 3 40 0 3
47100000 4 40 -1 3
47200000 5 40 0 3
47300000 4 40 0 3
47400000 4 40 0 3
47500000 3 40 0 3
47600000 4 40 0 3
47700000 5 40 0 3
47800000 4 40 0 3
47900000 3 40 0 3
48000000 4 40 0 3
48100000 4 40 0 3
48200000 4 40 -1 3
48300000 5 40 0 3
48400000 6 40 0 3
48500000 6 40 0 3
48600000 4 40 0 3
48700000 4 40 0 3
48800000 6 40 0 3
48900000 6 40 0 3
49000000 5 40 1 3
49100000 6 40 0 3
49200000 5 40 0 3
49300000 6 40 0 3
49400000 6 40 1 3
49500000 7 40 0 3
49600000 6 40 0 3
49700000 5 40 0 3
49800000 5 40 0 3
49900000 5 40 0 3
50000000 6 40 0 3
50100000 6 40 0 3
50200000 5 40 0 3
50300000 3 40 -1 3
50400000 3 40 0 3
50500000 4 40 0 3
50600000 4 40 0 3
50700000 5 40 0 3
50800000 5 40 0 3
50900000 5 40 0 3
51000000 4 40 1 3
51100000 4 40 1 3
51200000 4 40 0 3
51300000 4 40 0 3
51400000 5 40 0 3
51500000 3 40 0 3
51600000 3 40 -1 3
51700000 4 40 0 3
51800000 4 40 0 3
51900000 5 40 0 3
52000000 6 40 0 3
52100000 5 40 0 3
52200000 4 40 -1 3
52300000 5 40 1 3
52400000 5 40 0 3
52500000 4 40 0 3
52600000 5 40 1 3
52700000 5 40 0 3
52800000 6 40 0 3
52900000 5 40 0 3
53000000 6 40 0 3
53100000 6 40 1 3
53200000 5 40 0 3
53300000 5 40 0 3
53400000 5 40 0 3
53500000 5 40 0 3
53600000 5 40 0 3
53700000 4 40 0 3
53800000 5 40 0 3
53900000 4 40 0 3
54000000 5 40 0 3
54100000 5 40 0 3
54200000 6 40 0 3
54300000 5 40 0 3
54400000 4 40 0 3
54500000 6 40 0 3
54600000 5 40 0 3
54700000 5 40 1 3
54800000 5 40 0 3
54900000 5 40 1 3
55000000 7 40 1 3
55100000 7 40 0 3
55200000 6 40 0 3
55300000 6 40 1 3
55400000 4 40 0 3
55500000 5 40 0 3
55600000 5 40 0 3
55700000 7 40 0 3
55800000 5 40 -1 3
55900000 7 40 0 3
56000000 6 40 0 3
56100000 6 40 0 3
56200000 6 40 1 3
56300000 6 40 0 3
56400000 5 40 0 3
56500000 4 40 0 3
56600000 2 40 0 2
56700000 3 40 1 2
56800000 4 40 0 2
56900000 2 40 0 2
57000000 3 40 0 2
57100000 4 40 0 2
57200000 5 40 0 2
57300000 3 40 0 2
57400000 3 40 -1 2
57500000 2 40 0 2
57600000 3 40 0 2
57700000 3 40 1 2
57800000 2 40 -1 2
57900000 3 40 0 2
58000000 3 40 0 2
58100000 3 40 0 2
58200000 4 40 0 2
58300000 3 40 0 2
58400000 4 40 1 2
58500000 4 40 0 2
58600000 2 40 -1 2
58700000 3 40 1 2
58800000 4 40 0 2
58900000 3 40 0 2
59000000 3 40 1 2
59100000 5 40 0 2
59200000 4 40 0 2
59300000 6 40 0 2
59400000 4 40 0 2
59500000 3 40 0 2
59600000 4 40 0 2
59700000 4 40 0 2
59800000 3 40 0 2
59900000 3 40 -1 2
60000000 2 40 -1 2
60100000 3 40 0 2
60200000 4 40 0 2
60300000 3 40 0 2
60400000 5 40 0 2
60500000 3 40 0 2
60600000 4 40 0 2
60700000 3 40 1 2
60800000 2 40 -1 2
60900000 3 40 0 2
61000000 3 40 0 2
61100000 2 40 -1 2
61200000 5 40 1 2
61300000 5 40 1 2
61400000 3 40 1 2
61500000 3 40 -1 2
61600000 5 40 0 2
61700000 3 40 0 2
61800000 4 40 0 2
61900000 3 40 0 2
62000000 4 40 0 2
62100000 4 40 1 2
62200000 3 40 0 2
62300000 3 40 0 2
62400000 3 40 0 2
62500000 3 40 1 2
62600000 3 40 0 2
62700000 2 40 0 2
62800000 2 40 -1 2
62900000 3 40 1 2
63000000 2 40 -1 2
63100000 4 40 0 2
63200000 2 40 -1 2
63300000 3 40 0 2
63400000 2 40 0 2
63500000 2 40 -1 2
63600000 3 40 0 2
63700000 2 40 -1 2
63800000 3 40 0 2
63900000 3 40 -1 2
64000000 3 40 1 2
64100000 2 40 0 2
64200000 4 40 0 2
64300000 3 40 1 2
64400000 3 40 0 2
64500000 3 40 0 2
64600000 4 40 1 2
64700000 2 40 -1 2
64800000 4 40 0 2
64900000 3 40 -1 2
65000000 3 40 0 2
65100000 5 40 0 2
65200000 4 40 0 2
65300000 3 40 1 2
65400000 4 40 0 2
65500000 2 40 0 2
65600000 4 40 0 2
65700000 3 40 0 2
65800000 2 40 0 2
65900000 3 40 1 2
66000000 3 40 0 2
66100000 3 40 0 2
66200000 3 40 1 2
66300000 3 40 0 2
66400000 3 40 0 2
66500000 3 40 0 2
66600000 3 40 1 2
66700000 5 40 1 2
66800000 4 40 0 2
66900000 4 40 1 2
67000000 3 40 0 2
67100000 5 40 0 2
67200000 3 40 0 2
67300000 3 40 0 2
67400000 3 40 0 2
67500000 2 40 -1 2
67600000 3 40 1 2
67700000 3 40 0 2
67800000 2 40 -1 2
67900000 5 40 1 2
68000000 4 40 0 2
68100000 3 40 0 2
68200000 3 40 1 2
68300000 3 40 0 2
68400000 2 40 -1 2
68500000 3 40 0 2
68600000 4 40 0 2
68700000 3 40 1 2
68800000 3 40 0 2
68900000 3 40 1 2
69000000 3 40 1 2
69100000 3 40 0 2
69200000 3 40 0 2
69300000 3 40 0 2
69400000 3 40 1 2
69500000 2 40 -1 2
69600000 3 40 1 2
69700000 2 40 -1 2
69800000 3 40 0 2
69900000 3 40 1 2
70000000 3 40 0 2
70100000 3 40 0 2
70200000 4 40 0 2
70300000 3 40 0 2
70400000 3 40 0 2
70500000 3 40 0 2
70600000 3 40 1 2
70700000 2 40 0 2
70800000 4 40 0 2
70900000 4 40 0 2
71000000 2 40 -1 2
71100000 2 40 -1 2
71200000 3 40 1 2
71300000 3 40 0 2
71400000 4 40 0 2
71500000 3 40 0 2
71600000 3 40 1 2
71700000 2 40 0 2
71800000 2 40 -1 2
71900000 3 40 0 2
72000000 4 40 0 2
72100000 3 40 0 2
72200000 3 40 0 2
72300000 3 40 1 2
72400000 2 40 0 2
72500000 5 40 1 2
72600000 5 40 0 2
72700000 3 40 1 2
72800000 3 40 0 2
72900000 3 40 0 2
73000000 3 40 0 2
73100000 2 40 -1 2
73200000 3 40 0 2
73300000 4 40 0 2
73400000 3 40 0 2
73500000 3 40 1 2
73600000 5 40 0 2
73700000 2 40 -1 2
73800000 2 40 -1 2
73900000 2 40 0 2
74000000 3 40 0 2
74100000 2 40 0 2
74200000 3 40 0 2
74300000 3 40 0 2
74400000 3 40 -1 2
74500000 3 40 0 2
74600000 3 40 1 2
74700000 5 40 0 2
74800000 5 40 0 2
74900000 5 40 0 2
75000000 5 40 1 2
75100000 5 40 1 2
75200000 4 40 0 2
75300000 5 40 0 2
75400000 6 40 0 2
75500000 5 40 0 2
75600000 5 40 0 2
75700000 4 40 0 2
75800000 6 40 0 2
75900000 5 40 0 2
76000000 4 40 1 2
76100000 4 40 0 2
76200000 3 40 -1 2
76300000 5 40 0 2
76400000 3 40 0 2
76500000 4 40 0 2
76600000 3 40 0 2
76700000 3 40 0 2
76800000 3 40 0 2
76900000 5 40 0 2
77000000 4 40 0 2
77100000 2 40 0 2
77200000 2 40 -1 2
77300000 2 40 0 2
77400000 2 40 0 2
77500000 3 40 0 2
77600000 3 40 -1 2
77700000 4 40 -1 2
77800000 4 40 0 2
77900000 4 40 0 2
78000000 5 40 0 2
78100000 3 40 -1 2
78200000 4 40 0 2
78300000 4 40 0 2
78400000 3 40 0 2
78500000 4 40 1 2
78600000 4 40 0 2
78700000 4 40 0 2
78800000 6 40 1 2
78900000 3 40 0 2
79000000 4 40 0 2
79100000 5 40 0 2
79200000 6 40 0 2
79300000 5 40 0 2
79400000 5 40 1 2
79500000 3 40 0 2
79600000 3 40 1 2
79700000 4 40 0 2
79800000 2 40 0 2
79900000 4 40 0 2
80000000 3 40 0 2
80100000 2 40 -1 2
80200000 4 40 0 2
80300000 3 40 1 2
80400000 3 40 0 2
80500000 3 40 0 2
80600000 4 40 0 2
80700000 5 40 0 2
80800000 4 40 0 2
80900000 4 40 0 2
81000000 3 40 0 2
81100000 4 40 0 2
81200000 3 40 -1 2
81300000 4 40 0 2
81400000 4 40 0 2
81500000 4 40 1 2
81600000 3 40 -1 2
81700000 3 40 0 2
81800000 4 40 0 2
81900000 4 40 0 2
82000000 4 40 0 2
82100000 7 40 1 2
82200000 4 40 0 2
82300000 4 40 0 2
82400000 3 40 0 2
0
1
2
3
4
5
6
7
8
9
35
11
12
13
14
32
15
17
18
22
20
21
19
33
28
25
26
27
24
29
30
31
23
16
34
36
39
37
38
10
1
2
30
4
5
6
7
8
26
10
11
12
13
14
15
16
17
18
19
20
21
22
23
34
25
3
27
28
29
9
31
32
33
36
24
35
37
38
39
0
2
3
32
5
6
7
8
35
10
11
12
13
31
15
9
4
16
19
20
21
22
23
24
25
26
27
28
29
30
17
14
33
34
18
36
37
38
39
0
1
38
4
5
6
7
8
9
25
11
21
13
14
15
16
17
18
19
20
39
33
23
24
29
26
27
28
12
30
31
32
10
34
35
22
37
3
36
0
1
2
4
5
6
7
8
9
10
11
12
13
14
15
16
1
18
17
20
38
22
23
24
25
26
27
19
29
30
31
32
33
34
35
36
37
2
39
0
28
21
3
5
6
7
8
9
10
11
12
13
14
15
16
17
35
19
20
21
22
23
24
25
26
27
28
29
30
31
32
33
34
18
36
37
38
39
0
1
2
3
4
6
7
25
9
10
11
12
13
14
15
16
17
18
19
20
21
22
23
24
8
26
27
28
29
30
31
32
33
34
35
36
37
38
39
0
1
2
3
4
5
21
8
9
10
11
12
13
14
15
16
34
18
19
20
2
22
23
24
25
26
27
28
37
30
31
32
29
17
35
36
1
38
39
0
7
33
3
4
5
6
8
9
10
11
12
13
29
30
16
17
18
19
20
21
22
23
24
25
26
27
28
34
3
31
32
33
14
39
36
37
38
15
0
1
35
2
4
5
6
7
9
10
11
12
13
14
15
16
17
18
19
20
21
22
23
24
25
6
27
28
29
30
31
32
33
34
35
36
37
38
39
0
1
2
3
4
5
26
7
8
10
11
19
13
14
15
16
17
18
2
20
7
22
23
24
25
26
27
28
0
30
29
32
12
34
35
36
37
38
39
33
1
31
3
4
5
6
21
8
9
15
12
13
14
18
16
34
10
19
20
21
22
23
24
25
26
27
28
29
30
31
32
33
37
35
36
8
38
39
11
0
2
3
4
5
6
7
1
9
17
12
20
14
15
16
17
18
19
0
26
22
23
24
25
39
27
28
29
30
31
32
33
34
35
36
37
38
13
21
1
2
3
4
5
6
7
8
9
10
11
13
14
15
34
17
18
4
20
21
22
23
24
25
26
27
19
29
30
31
32
33
39
35
36
37
38
7
0
16
2
3
28
5
6
1
8
9
10
11
12
14
15
16
17
33
19
20
21
22
23
24
25
26
27
28
29
30
31
32
4
34
35
36
13
38
39
0
1
2
3
37
5
6
7
8
9
10
11
12
18
7
13
3
18
19
20
5
15
23
24
25
37
27
28
29
30
31
21
33
34
35
36
22
38
39
0
1
16
26
4
32
6
17
8
9
10
11
12
2
14
16
17
18
19
20
21
22
23
24
25
26
27
28
29
30
31
32
33
8
35
36
37
38
39
0
1
2
3
4
5
6
7
9
34
10
11
12
13
14
15
17
29
4
20
21
22
23
18
25
19
27
31
9
30
26
12
33
32
34
36
37
38
39
0
1
2
3
35
5
6
7
8
28
10
11
24
13
14
15
16
24
19
20
21
25
23
17
22
3
27
28
29
30
31
32
33
34
35
36
37
38
18
0
1
2
10
4
5
6
7
26
9
15
11
12
13
14
8
16
39
18
31
21
22
29
24
19
26
27
28
17
30
37
32
33
34
35
36
0
38
39
20
1
2
3
4
5
6
7
8
9
10
11
12
13
14
15
16
23
25
20
21
22
23
24
25
26
27
28
29
30
4
32
33
34
35
36
37
38
39
0
1
2
3
9
5
6
7
10
31
8
11
12
13
14
15
16
17
18
19
3
22
8
24
23
26
27
28
29
30
31
32
33
34
35
36
37
2
7
25
1
0
21
4
5
6
39
18
9
10
11
12
13
14
38
16
17
15
19
20
22
23
24
25
26
27
28
29
30
31
32
33
34
36
10
37
38
39
35
1
2
3
4
5
6
7
11
9
8
0
12
13
14
15
16
17
18
19
20
21
23
30
37
26
27
36
25
24
31
32
33
34
29
17
21
38
39
0
1
2
3
4
5
6
7
8
9
10
11
12
13
14
16
35
15
18
19
20
28
22
30
25
26
27
15
29
14
31
32
33
38
28
36
37
16
39
0
1
2
3
4
5
6
7
24
9
10
11
12
13
35
21
8
17
18
19
20
34
22
23
25
26
27
16
28
30
31
32
33
34
10
36
35
38
4
0
1
14
3
29
5
6
7
8
23
11
37
12
13
18
15
39
2
9
19
20
21
22
17
24
11
27
28
29
30
31
32
33
34
12
36
35
38
39
0
1
2
3
37
5
6
7
8
9
10
26
25
4
14
15
16
17
18
19
20
21
22
23
24
13
27
28
29
30
31
32
33
34
35
36
37
38
39
0
1
2
3
4
5
6
7
8
9
10
11
12
13
14
15
16
17
18
19
20
21
22
23
24
25
26
35
16
17
31
32
33
30
9
36
37
29
39
0
18
38
3
4
5
6
7
8
2
10
11
12
13
34
15
1
14
28
19
20
21
22
23
24
25
26
27
29
24
31
32
22
34
35
36
37
38
39
0
1
2
3
6
18
26
4
19
9
10
11
20
13
14
15
8
17
30
5
16
21
33
23
12
25
7
27
28
33
32
12
28
34
35
36
37
38
39
0
1
2
3
31
5
6
7
21
9
10
11
30
14
8
15
16
24
18
19
20
4
22
23
17
25
26
27
13
29
31
18
33
36
35
28
37
38
39
0
1
2
3
4
5
15
7
8
9
10
11
12
13
23
14
16
17
34
19
20
21
22
32
24
25
26
27
6
29
30
32
33
34
35
36
37
38
39
20
1
2
3
4
5
6
7
8
9
10
11
12
13
14
15
16
17
18
19
0
21
22
23
24
25
26
27
28
29
30
31
36
34
35
33
37
38
39
0
1
4
3
21
5
6
7
8
9
10
11
12
13
14
15
16
17
18
19
2
20
22
23
24
25
26
27
28
29
30
31
32
34
35
36
37
38
39
0
1
2
3
4
5
6
7
8
9
10
11
12
13
14
15
16
17
18
19
20
21
22
23
24
25
26
27
28
29
30
31
32
33
19
36
23
38
39
0
1
2
9
35
5
6
7
8
37
10
11
12
13
14
15
16
17
18
4
20
21
22
3
24
25
26
27
28
29
30
31
32
33
34
28
37
38
39
0
1
2
3
4
5
6
10
8
9
36
11
12
13
14
15
16
17
18
24
20
21
22
26
23
25
19
27
7
29
30
31
32
33
34
35
37
38
39
0
1
2
3
4
5
6
7
8
14
10
11
28
13
34
15
16
17
9
12
19
21
22
24
23
25
26
27
20
29
30
31
32
33
18
35
36
26
39
0
1
2
3
24
5
6
7
8
9
10
11
12
13
14
15
16
17
18
19
20
21
22
23
33
25
28
27
4
29
30
31
32
38
34
35
36
37
39
0
1
2
3
4
21
6
7
8
9
26
11
12
13
14
5
16
17
18
19
31
25
22
15
24
23
20
27
28
29
30
10
32
33
34
35
36
37
38
成功,迭代次数82415292  迭代时间(s)340.874迭代频率241777
