0
1
2
3
4
5
6
7
8
9
35
11
12
13
14
32
15
17
18
22
20
21
19
33
28
25
26
27
24
29
30
31
23
16
34
36
39
37
38
10
1
2
30
4
5
6
7
8
26
10
11
12
13
14
15
16
17
18
19
20
21
22
23
34
25
3
27
28
29
9
31
32
33
36
24
35
37
38
39
0
2
3
32
5
6
7
8
35
10
11
12
13
31
15
9
4
16
19
20
21
22
23
24
25
26
27
28
29
30
17
14
33
34
18
36
37
38
39
0
1
38
4
5
6
7
8
9
25
11
21
13
14
15
16
17
18
19
20
39
33
23
24
29
26
27
28
12
30
31
32
10
34
35
22
37
3
36
0
1
2
4
5
6
7
8
9
10
11
12
13
14
15
16
1
18
17
20
38
22
23
24
25
26
27
19
29
30
31
32
33
34
35
36
37
2
39
0
28
21
3
5
6
7
8
9
10
11
12
13
14
15
16
17
35
19
20
21
22
23
24
25
26
27
28
29
30
31
32
33
34
18
36
37
38
39
0
1
2
3
4
6
7
25
9
10
11
12
13
14
15
16
17
18
19
20
21
22
23
24
8
26
27
28
29
30
31
32
33
34
35
36
37
38
39
0
1
2
3
4
5
21
8
9
10
11
12
13
14
15
16
34
18
19
20
2
22
23
24
25
26
27
28
37
30
31
32
29
17
35
36
1
38
39
0
7
33
3
4
5
6
8
9
10
11
12
13
29
30
16
17
18
19
20
21
22
23
24
25
26
27
28
34
3
31
32
33
14
39
36
37
38
15
0
1
35
2
4
5
6
7
9
10
11
12
13
14
15
16
17
18
19
20
21
22
23
24
25
6
27
28
29
30
31
32
33
34
35
36
37
38
39
0
1
2
3
4
5
26
7
8
10
11
19
13
14
15
16
17
18
2
20
7
22
23
24
25
26
27
28
0
30
29
32
12
34
35
36
37
38
39
33
1
31
3
4
5
6
21
8
9
15
12
13
14
18
16
34
10
19
20
21
22
23
24
25
26
27
28
29
30
31
32
33
37
35
36
8
38
39
11
0
2
3
4
5
6
7
1
9
17
12
20
14
15
16
17
18
19
0
26
22
23
24
25
39
27
28
29
30
31
32
33
34
35
36
37
38
13
21
1
2
3
4
5
6
7
8
9
10
11
13
14
15
34
17
18
4
20
21
22
23
24
25
26
27
19
29
30
31
32
33
39
35
36
37
38
7
0
16
2
3
28
5
6
1
8
9
10
11
12
14
15
16
17
33
19
20
21
22
23
24
25
26
27
28
29
30
31
32
4
34
35
36
13
38
39
0
1
2
3
37
5
6
7
8
9
10
11
12
18
7
13
3
18
19
20
5
15
23
24
25
37
27
28
29
30
31
21
33
34
35
36
22
38
39
0
1
16
26
4
32
6
17
8
9
10
11
12
2
14
16
17
18
19
20
21
22
23
24
25
26
27
28
29
30
31
32
33
8
35
36
37
38
39
0
1
2
3
4
5
6
7
9
34
10
11
12
13
14
15
17
29
4
20
21
22
23
18
25
19
27
31
9
30
26
12
33
32
34
36
37
38
39
0
1
2
3
35
5
6
7
8
28
10
11
24
13
14
15
16
24
19
20
21
25
23
17
22
3
27
28
29
30
31
32
33
34
35
36
37
38
18
0
1
2
10
4
5
6
7
26
9
15
11
12
13
14
8
16
39
18
31
21
22
29
24
19
26
27
28
17
30
37
32
33
34
35
36
0
38
39
20
1
2
3
4
5
6
7
8
9
10
11
12
13
14
15
16
23
25
20
21
22
23
24
25
26
27
28
29
30
4
32
33
34
35
36
37
38
39
0
1
2
3
9
5
6
7
10
31
8
11
12
13
14
15
16
17
18
19
3
22
8
24
23
26
27
28
29
30
31
32
33
34
35
36
37
2
7
25
1
0
21
4
5
6
39
18
9
10
11
12
13
14
38
16
17
15
19
20
22
23
24
25
26
27
28
29
30
31
32
33
34
36
10
37
38
39
35
1
2
3
4
5
6
7
11
9
8
0
12
13
14
15
16
17
18
19
20
21
23
30
37
26
27
36
25
24
31
32
33
34
29
17
21
38
39
0
1
2
3
4
5
6
7
8
9
10
11
12
13
14
16
35
15
18
19
20
28
22
30
25
26
27
15
29
14
31
32
33
38
28
36
37
16
39
0
1
2
3
4
5
6
7
24
9
10
11
12
13
35
21
8
17
18
19
20
34
22
23
25
26
27
16
28
30
31
32
33
34
10
36
35
38
4
0
1
14
3
29
5
6
7
8
23
11
37
12
13
18
15
39
2
9
19
20
21
22
17
24
11
27
28
29
30
31
32
33
34
12
36
35
38
39
0
1
2
3
37
5
6
7
8
9
10
26
25
4
14
15
16
17
18
19
20
21
22
23
24
13
27
28
29
30
31
32
33
34
35
36
37
38
39
0
1
2
3
4
5
6
7
8
9
10
11
12
13
14
15
16
17
18
19
20
21
22
23
24
25
26
35
16
17
31
32
33
30
9
36
37
29
39
0
18
38
3
4
5
6
7
8
2
10
11
12
13
34
15
1
14
28
19
20
21
22
23
24
25
26
27
29
24
31
32
22
34
35
36
37
38
39
0
1
2
3
6
18
26
4
19
9
10
11
20
13
14
15
8
17
30
5
16
21
33
23
12
25
7
27
28
33
32
12
28
34
35
36
37
38
39
0
1
2
3
31
5
6
7
21
9
10
11
30
14
8
15
16
24
18
19
20
4
22
23
17
25
26
27
13
29
31
18
33
36
35
28
37
38
39
0
1
2
3
4
5
15
7
8
9
10
11
12
13
23
14
16
17
34
19
20
21
22
32
24
25
26
27
6
29
30
32
33
34
35
36
37
38
39
20
1
2
3
4
5
6
7
8
9
10
11
12
13
14
15
16
17
18
19
0
21
22
23
24
25
26
27
28
29
30
31
36
34
35
33
37
38
39
0
1
4
3
21
5
6
7
8
9
10
11
12
13
14
15
16
17
18
19
2
20
22
23
24
25
26
27
28
29
30
31
32
34
35
36
37
38
39
0
1
2
3
4
5
6
7
8
9
10
11
12
13
14
15
16
17
18
19
20
21
22
23
24
25
26
27
28
29
30
31
32
33
19
36
23
38
39
0
1
2
9
35
5
6
7
8
37
10
11
12
13
14
15
16
17
18
4
20
21
22
3
24
25
26
27
28
29
30
31
32
33
34
28
37
38
39
0
1
2
3
4
5
6
10
8
9
36
11
12
13
14
15
16
17
18
24
20
21
22
26
23
25
19
27
7
29
30
31
32
33
34
35
37
38
39
0
1
2
3
4
5
6
7
8
14
10
11
28
13
34
15
16
17
9
12
19
21
22
24
23
25
26
27
20
29
30
31
32
33
18
35
36
26
39
0
1
2
3
24
5
6
7
8
9
10
11
12
13
14
15
16
17
18
19
20
21
22
23
33
25
28
27
4
29
30
31
32
38
34
35
36
37
39
0
1
2
3
4
21
6
7
8
9
26
11
12
13
14
5
16
17
18
19
31
25
22
15
24
23
20
27
28
29
30
10
32
33
34
35
36
37
38
