30
24
2
18
3
15
20
8
5
13
7
1
28
6
21
9
10
23
22
29
17
26
16
25
4
19
12
11
14
27
4
20
23
11
9
30
28
3
16
21
2
26
13
22
17
7
6
1
27
25
29
5
10
14
24
18
15
8
19
12
25
16
24
14
4
13
2
19
28
29
11
18
30
17
22
12
21
6
1
7
3
8
27
10
20
15
23
26
9
5
21
5
30
27
25
24
23
26
20
8
15
29
14
12
2
6
18
9
28
11
19
22
7
17
13
16
4
3
10
1
28
18
4
3
14
7
1
12
6
2
17
22
29
8
11
20
26
30
21
15
13
24
19
27
16
10
5
9
25
23
15
10
5
30
8
1
14
4
17
12
21
16
19
11
18
23
9
7
13
26
25
27
22
2
6
3
28
20
24
29
20
9
12
10
15
16
18
2
8
30
19
28
25
26
6
14
1
27
3
22
4
13
24
11
21
5
29
23
17
7
10
8
3
15
21
28
19
23
2
26
9
12
1
25
24
22
30
4
7
16
5
29
6
20
17
11
13
14
27
18
5
1
10
17
19
12
3
7
25
20
6
14
21
28
27
29
8
18
16
4
24
9
30
23
26
2
22
15
11
13
7
17
14
19
27
20
22
25
29
3
5
2
18
9
16
11
28
13
12
1
15
23
21
4
10
8
26
24
30
6
3
4
13
20
30
25
10
28
12
19
27
6
16
7
26
5
24
2
11
9
22
14
15
18
23
1
8
17
29
21
26
14
22
8
1
10
21
6
23
4
16
30
5
18
28
19
25
15
29
3
20
7
9
13
27
17
11
2
12
24
24
25
11
1
16
18
13
27
14
5
22
8
10
29
3
15
12
17
9
23
6
20
26
7
30
28
19
4
21
2
16
27
15
24
12
26
25
17
13
1
4
11
23
5
8
30
2
20
10
19
21
28
18
3
29
14
9
7
6
22
18
3
26
6
7
8
4
30
15
10
29
24
22
23
12
1
27
19
5
28
9
17
25
21
11
13
2
16
20
14
11
6
20
5
2
3
12
29
10
28
30
13
26
24
15
16
22
21
25
8
23
19
1
9
14
4
18
27
7
17
19
13
7
25
20
9
16
15
3
14
26
10
17
30
29
27
4
24
23
21
18
1
11
5
28
22
6
12
2
8
12
2
19
29
26
14
11
10
30
16
8
23
27
21
5
24
17
22
20
13
7
15
3
1
18
9
25
6
4
28
9
23
25
7
6
21
29
14
22
24
10
15
8
1
4
26
11
5
19
18
12
2
13
16
3
27
17
30
28
20
2
7
29
16
10
23
9
11
18
15
1
5
3
4
13
17
20
26
6
24
28
21
14
12
8
30
27
19
22
25
6
29
1
23
28
17
27
24
19
11
12
20
9
14
7
13
3
10
18
2
8
25
4
22
15
26
21
5
16
30
14
21
18
4
22
29
8
13
26
17
23
25
20
10
19
3
5
11
15
27
16
30
2
6
7
12
24
28
1
9
17
12
21
13
18
27
30
16
7
22
28
4
2
15
9
25
23
14
24
5
26
11
20
29
19
6
1
10
8
3
27
11
28
26
29
22
17
18
24
6
3
9
4
16
20
21
13
25
8
12
30
10
23
15
2
7
14
1
5
19
29
22
6
21
13
11
26
9
1
7
20
19
24
2
14
8
15
16
17
30
27
3
5
28
12
25
10
18
23
4
23
26
9
22
24
4
5
20
11
27
18
17
7
13
25
28
19
12
14
6
2
16
8
30
1
29
3
21
15
10
8
28
16
9
11
5
6
21
27
25
24
7
12
19
23
18
14
3
2
10
1
4
17
26
22
20
30
29
13
15
22
30
8
12
23
2
15
5
21
18
13
27
11
3
1
10
7
28
4
17
14
6
29
19
9
24
20
25
26
16
13
19
27
28
17
6
7
1
4
9
25
21
15
20
30
2
29
8
26
14
10
18
12
24
5
23
16
22
3
11
1
15
17
2
5
19
24
22
9
23
14
3
6
27
10
4
16
29
30
20
11
12
28
8
25
21
7
13
18
26
