1
2
3
4
5
6
7
8
9
10
36
12
13
14
15
33
16
18
19
23
21
22
20
34
29
26
27
28
25
30
31
32
24
17
35
37
40
38
39
11
2
3
31
5
6
7
8
9
27
11
12
13
14
15
16
17
18
19
20
21
22
23
24
35
26
4
28
29
30
10
32
33
34
37
25
36
38
39
40
1
3
4
33
6
7
8
9
36
11
12
13
14
32
16
10
5
17
20
21
22
23
24
25
26
27
28
29
30
31
18
15
34
35
19
37
38
39
40
1
2
39
5
6
7
8
9
10
26
12
22
14
15
16
17
18
19
20
21
40
34
24
25
30
27
28
29
13
31
32
33
11
35
36
23
38
4
37
1
2
3
5
6
7
8
9
10
11
12
13
14
15
16
17
2
19
18
21
39
23
24
25
26
27
28
20
30
31
32
33
34
35
36
37
38
3
40
1
29
22
4
6
7
8
9
10
11
12
13
14
15
16
17
18
36
20
21
22
23
24
25
26
27
28
29
30
31
32
33
34
35
19
37
38
39
40
1
2
3
4
5
7
8
26
10
11
12
13
14
15
16
17
18
19
20
21
22
23
24
25
9
27
28
29
30
31
32
33
34
35
36
37
38
39
40
1
2
3
4
5
6
22
9
10
11
12
13
14
15
16
17
35
19
20
21
3
23
24
25
26
27
28
29
38
31
32
33
30
18
36
37
2
39
40
1
8
34
4
5
6
7
9
10
11
12
13
14
30
31
17
18
19
20
21
22
23
24
25
26
27
28
29
35
4
32
33
34
15
40
37
38
39
16
1
2
36
3
5
6
7
8
10
11
12
13
14
15
16
17
18
19
20
21
22
23
24
25
26
7
28
29
30
31
32
33
34
35
36
37
38
39
40
1
2
3
4
5
6
27
8
9
11
12
20
14
15
16
17
18
19
3
21
8
23
24
25
26
27
28
29
1
31
30
33
13
35
36
37
38
39
40
34
2
32
4
5
6
7
22
9
10
16
13
14
15
19
17
35
11
20
21
22
23
24
25
26
27
28
29
30
31
32
33
34
38
36
37
9
39
40
12
1
3
4
5
6
7
8
2
10
18
13
21
15
16
17
18
19
20
1
27
23
24
25
26
40
28
29
30
31
32
33
34
35
36
37
38
39
14
22
2
3
4
5
6
7
8
9
10
11
12
14
15
16
35
18
19
5
21
22
23
24
25
26
27
28
20
30
31
32
33
34
40
36
37
38
39
8
1
17
3
4
29
6
7
2
9
10
11
12
13
15
16
17
18
34
20
21
22
23
24
25
26
27
28
29
30
31
32
33
5
35
36
37
14
39
40
1
2
3
4
38
6
7
8
9
10
11
12
13
19
8
14
4
19
20
21
6
16
24
25
26
38
28
29
30
31
32
22
34
35
36
37
23
39
40
1
2
17
27
5
33
7
18
9
10
11
12
13
3
15
17
18
19
20
21
22
23
24
25
26
27
28
29
30
31
32
33
34
9
36
37
38
39
40
1
2
3
4
5
6
7
8
10
35
11
12
13
14
15
16
18
30
5
21
22
23
24
19
26
20
28
32
10
31
27
13
34
33
35
37
38
39
40
1
2
3
4
36
6
7
8
9
29
11
12
25
14
15
16
17
25
20
21
22
26
24
18
23
4
28
29
30
31
32
33
34
35
36
37
38
39
19
1
2
3
11
5
6
7
8
27
10
16
12
13
14
15
9
17
40
19
32
22
23
30
25
20
27
28
29
18
31
38
33
34
35
36
37
1
39
40
21
2
3
4
5
6
7
8
9
10
11
12
13
14
15
16
17
24
26
21
22
23
24
25
26
27
28
29
30
31
5
33
34
35
36
37
38
39
40
1
2
3
4
10
6
7
8
11
32
9
12
13
14
15
16
17
18
19
20
4
23
9
25
24
27
28
29
30
31
32
33
34
35
36
37
38
3
8
26
2
1
22
5
6
7
40
19
10
11
12
13
14
15
39
17
18
16
20
21
23
24
25
26
27
28
29
30
31
32
33
34
35
37
11
38
39
40
36
2
3
4
5
6
7
8
12
10
9
1
13
14
15
16
17
18
19
20
21
22
24
31
38
27
28
37
26
25
32
33
34
35
30
18
22
39
40
1
2
3
4
5
6
7
8
9
10
11
12
13
14
15
17
36
16
19
20
21
29
23
31
26
27
28
16
30
15
32
33
34
39
29
37
38
17
40
1
2
3
4
5
6
7
8
25
10
11
12
13
14
36
22
9
18
19
20
21
35
23
24
26
27
28
17
29
31
32
33
34
35
11
37
36
39
5
1
2
15
4
30
6
7
8
9
24
12
38
13
14
19
16
40
3
10
20
21
22
23
18
25
12
28
29
30
31
32
33
34
35
13
37
36
39
40
1
2
3
4
38
6
7
8
9
10
11
27
26
5
15
16
17
18
19
20
21
22
23
24
25
14
28
29
30
31
32
33
34
35
36
37
38
39
40
1
2
3
4
5
6
7
8
9
10
11
12
13
14
15
16
17
18
19
20
21
22
23
24
25
26
27
36
17
18
32
33
34
31
10
37
38
30
40
1
19
39
4
5
6
7
8
9
3
11
12
13
14
35
16
2
15
29
20
21
22
23
24
25
26
27
28
30
25
32
33
23
35
36
37
38
39
40
1
2
3
4
7
19
27
5
20
10
11
12
21
14
15
16
9
18
31
6
17
22
34
24
13
26
8
28
29
34
33
13
29
35
36
37
38
39
40
1
2
3
4
32
6
7
8
22
10
11
12
31
15
9
16
17
25
19
20
21
5
23
24
18
26
27
28
14
30
32
19
34
37
36
29
38
39
40
1
2
3
4
5
6
16
8
9
10
11
12
13
14
24
15
17
18
35
20
21
22
23
33
25
26
27
28
7
30
31
33
34
35
36
37
38
39
40
21
2
3
4
5
6
7
8
9
10
11
12
13
14
15
16
17
18
19
20
1
22
23
24
25
26
27
28
29
30
31
32
37
35
36
34
38
39
40
1
2
5
4
22
6
7
8
9
10
11
12
13
14
15
16
17
18
19
20
3
21
23
24
25
26
27
28
29
30
31
32
33
35
36
37
38
39
40
1
2
3
4
5
6
7
8
9
10
11
12
13
14
15
16
17
18
19
20
21
22
23
24
25
26
27
28
29
30
31
32
33
34
20
37
24
39
40
1
2
3
10
36
6
7
8
9
38
11
12
13
14
15
16
17
18
19
5
21
22
23
4
25
26
27
28
29
30
31
32
33
34
35
29
38
39
40
1
2
3
4
5
6
7
11
9
10
37
12
13
14
15
16
17
18
19
25
21
22
23
27
24
26
20
28
8
30
31
32
33
34
35
36
38
39
40
1
2
3
4
5
6
7
8
9
15
11
12
29
14
35
16
17
18
10
13
20
22
23
25
24
26
27
28
21
30
31
32
33
34
19
36
37
27
40
1
2
3
4
25
6
7
8
9
10
11
12
13
14
15
16
17
18
19
20
21
22
23
24
34
26
29
28
5
30
31
32
33
39
35
36
37
38
40
1
2
3
4
5
22
7
8
9
10
27
12
13
14
15
6
17
18
19
20
32
26
23
16
25
24
21
28
29
30
31
11
33
34
35
36
37
38
39
